t              pw-in-box.fdtd_before_Ex_3_3_1.dat       incid
0.00000000000000000e+00   0.00000000000000000e+00   0.00000000000000000e+00
1.54066656123717649e-11   0.00000000000000000e+00   1.88331178072436276e-43
3.08133312247435298e-11   0.00000000000000000e+00   9.58882297134668260e-43
4.62199968371152915e-11   3.70168619931760560e-45   4.81610099743921745e-42
6.16266624494870596e-11   4.53712402686645621e-44   2.38651434859114260e-41
7.70333280618588278e-11   2.94215771659394560e-43   1.16659338526059436e-40
9.24399936742305830e-11   1.61140232820792090e-42   5.62552456092566815e-40
1.07846659286602351e-10   8.19040815277192679e-42   2.67635060962673655e-39
1.23253324898974119e-10   4.00684296432854684e-41   1.25606133825063196e-38
1.38659990511345887e-10   1.91883455245452055e-40   5.81523905207851378e-38
1.54066656123717656e-10   9.05175169018848601e-40   2.65618973169456706e-37
1.69473321736089424e-10   4.21272824846648921e-39   1.19684887663158121e-36
1.84879987348461166e-10   1.93520267363639255e-38   5.31997054142226845e-36
2.00286652960832934e-10   8.77429693529758321e-38   2.33298695435261548e-35
2.15693318573204702e-10   3.92593239249412372e-37   1.00926430709192279e-34
2.31099984185576470e-10   1.73375203452506458e-36   4.30713010321518072e-34
2.46506649797948239e-10   7.55697979826240580e-36   1.81343777101045057e-33
2.61913315410320007e-10   3.25064257978604479e-35   7.53195371287533531e-33
2.77319981022691775e-10   1.38013260156118121e-34   3.08605641788954994e-32
2.92726646635063543e-10   5.78375899522035210e-34   1.24747006832257453e-31
3.08133312247435311e-10   2.39212751205888730e-33   4.97447783419304224e-31
3.23539977859807079e-10   9.76582152195778427e-33   1.95684686205121369e-30
3.38946643472178847e-10   3.93542901494289155e-32   7.59442226050664552e-30
3.54353309084550615e-10   1.56525577446053161e-31   2.90753189405366923e-29
3.69759974696922332e-10   6.14537772938502315e-31   1.09811273180879473e-28
3.85166640309294100e-10   2.38172396145247081e-30   4.09163116352618962e-28
4.00573305921665868e-10   9.11106044848456539e-30   1.50396803011086319e-27
4.15979971534037636e-10   3.44061151895234671e-29   5.45348498218536126e-27
4.31386637146409404e-10   1.28263077526554933e-28   1.95090150862331477e-26
4.46793302758781173e-10   4.71982456504768285e-28   6.88477658097328035e-26
4.62199968371152941e-10   1.71457754281073480e-27   2.39683657917058424e-25
4.77606633983524761e-10   6.14901637792449619e-27   8.23211334448236916e-25
4.93013299595896477e-10   2.17687661866098800e-26   2.78919082642045029e-24
5.08419965208268193e-10   7.60824998602499196e-26   9.32265975905220738e-24
5.23826630820640013e-10   2.62523553769162602e-25   3.07414584927404861e-23
5.39233296433011730e-10   8.94231404497748876e-25   1.00000859932650891e-22
5.54639962045383550e-10   3.00723286717179376e-24   3.20906380954435878e-22
5.70046627657755266e-10   9.98455114725518074e-24   1.01595559192929865e-21
5.85453293270127086e-10   3.27267447307742241e-23   3.17297295862375940e-21
6.00859958882498802e-10   1.05906208044152848e-22   9.77583761559406510e-21
6.16266624494870622e-10   3.38370023934476340e-22   2.97140679304997909e-20
6.31673290107242339e-10   1.06729646959922839e-21   8.90976269190348029e-20
6.47079955719614158e-10   3.32373853685734919e-21   2.63552240821955327e-19
6.62486621331985875e-10   1.02193439088668568e-20   7.69106760173309886e-19
6.77893286944357695e-10   3.10203352839608757e-20   2.21412957372009032e-18
6.93299952556729411e-10   9.29645953201887939e-20   6.28805823481053531e-18
7.08706618169101231e-10   2.75068011997539284e-19   1.76176620715510014e-17
7.24113283781472947e-10   8.03505070728974254e-19   4.86941801781136141e-17
7.39519949393844664e-10   2.31727825937012933e-18   1.32771085227626049e-16
7.54926615006216484e-10   6.59797045692370371e-18   3.57147037596550201e-16
7.70333280618588200e-10   1.85464645515389780e-17   9.47737824553636360e-16
7.85739946230960020e-10   5.14683808663795147e-17   2.48100456220866129e-15
8.01146611843331736e-10   1.41009298954473314e-16   6.40741655312636949e-15
8.16553277455703556e-10   3.81381752425404747e-16   1.63243726061283560e-14
8.31959943068075273e-10   1.01831557434380297e-15   4.10287918364580772e-14
8.47366608680447093e-10   2.68418295238041660e-15   1.01731628238254758e-13
8.62773274292818809e-10   6.98436500689942130e-15   2.48840986328559067e-13
8.78179939905190629e-10   1.79402316139768290e-14   6.00464037673401024e-13
8.93586605517562345e-10   4.54893883456931493e-14   1.42944076155949711e-12
9.08993271129934165e-10   1.13854836160552710e-13   3.35694680160409013e-12
9.24399936742305882e-10   2.81286989640240406e-13   7.77718417436229401e-12
9.39806602354677598e-10   6.85957144110688920e-13   1.77751575490202306e-11
9.55213267967049521e-10   1.65109567142740555e-12   4.00778239839975606e-11
9.70619933579421238e-10   3.92255889200933347e-12   8.91445656384235484e-11
9.86026599191792954e-10   9.19769345770893651e-12   1.95613077319881441e-10
1.00143326480416467e-09   2.12852849897671526e-11   4.23448830796987466e-10
1.01683993041653639e-09   4.86140838225001650e-11   9.04283216752086778e-10
1.03224659602890831e-09   1.09575887317915813e-10   1.90510730284570750e-09
1.04765326164128003e-09   2.43734420994783212e-10   3.95945008467822165e-09
1.06305992725365174e-09   5.35002678964451102e-10   8.11803979213916673e-09
1.07846659286602346e-09   1.15882635427675609e-09   1.64201881159440614e-08
1.09387325847839538e-09   2.47675138695647738e-09   3.27646804326323942e-08
1.10927992409076710e-09   5.22316517781812574e-09   6.44963279191454999e-08
1.12468658970313882e-09   1.08681699403404219e-08   1.25248907004754521e-07
1.14009325531551053e-09   2.23114627053933307e-08   2.39946340306287576e-07
1.15549992092788246e-09   4.51889024035316680e-08   4.53477673554515556e-07
1.17090658654025417e-09   9.02920616784624141e-08   8.45486915513281811e-07
1.18631325215262589e-09   1.77974609737605437e-07   1.55510405628489047e-06
1.20171991776499760e-09   3.46049297042451540e-07   2.82172014602628390e-06
1.21712658337736953e-09   6.63695781061189596e-07   5.05099533323500454e-06
1.23253324898974124e-09   1.25552902576672070e-06   8.91952871088286505e-06
1.24793991460211296e-09   2.34255308042300473e-06   1.55384994130377216e-05
1.26334658021448468e-09   4.31056940596989735e-06   2.67044829407479261e-05
1.27875324582685639e-09   7.82233549509282481e-06   4.52753161098377443e-05
1.29415991143922832e-09   1.39981605150285765e-05   7.57253554328339058e-05
1.30956657705160003e-09   2.47009540845450219e-05   1.24947770034833703e-04
1.32497324266397175e-09   4.29771382124153679e-05   2.03384665022028253e-04
1.34037990827634347e-09   7.37253014815202935e-05   3.26595858406773017e-04
1.35578657388871539e-09   1.24688053265242717e-04   5.17380404071865387e-04
1.37119323950108711e-09   2.07890355550056617e-04   8.08559618209671316e-04
1.38659990511345882e-09   3.41679066716860233e-04   1.24657132815190574e-03
1.40200657072583054e-09   5.53541742321292168e-04   1.89595738536108894e-03
1.41741323633820246e-09   8.83899389664900338e-04   2.84474288970718199e-03
1.43281990195057418e-09   1.39107281087292277e-03   4.21076206889540658e-03
1.44822656756294589e-09   2.15757841851287003e-03   6.14871406705732888e-03
1.46363323317531761e-09   3.29783232887321913e-03   8.85749923350343145e-03
1.47903989878768933e-09   4.96722679775819364e-03   1.25875549210678929e-02
1.49444656440006125e-09   7.37231011766075351e-03   1.76472546820245733e-02
1.50985323001243297e-09   1.07815366861985368e-02   2.44071098670007140e-02
1.52525989562480468e-09   1.55357794987304038e-02   3.33011447315175527e-02
1.54066656123717640e-09   2.20573681610299784e-02   4.48236418258597807e-02
1.55607322684954832e-09   3.08561103309257789e-02   5.95194238590335614e-02
1.57147989246192004e-09   4.25306285385714453e-02   7.79675800512849154e-02
1.58688655807429176e-09   5.77631159785627485e-02   1.00756774197638441e-01
1.60229322368666347e-09   7.73058685548372870e-02   1.28451213370982253e-01
1.61769988929903540e-09   1.01958637538935637e-01   1.61549662443733727e-01
1.63310655491140711e-09   1.32536350280290427e-01   2.00437279888788455e-01
1.64851322052377883e-09   1.69827948403627693e-01   2.45332358137757250e-01
1.66391988613615055e-09   2.14548534674010416e-01   2.96234177372788898e-01
1.67932655174852247e-09   2.67287620088068001e-01   3.52874175010271685e-01
1.69473321736089419e-09   3.28457213568519757e-01   4.14675699031134992e-01
1.71013988297326590e-09   3.98243887700195087e-01   4.80730169967713228e-01
1.72554654858563762e-09   4.76567767857329405e-01   5.49791955720165149e-01
1.74095321419800933e-09   5.63050412320312832e-01   6.20296695328629744e-01
1.75635987981038126e-09   6.56991984870790358e-01   6.90406231291935457e-01
1.77176654542275297e-09   7.57356026883866829e-01   7.58078214993872401e-01
1.78717321103512469e-09   8.62759596029074705e-01   8.21159420047537836e-01
1.80257987664749641e-09   9.71466936068501319e-01   8.77495977136781402e-01
1.81798654225986833e-09   1.08138699028034990e+00   9.25053352856759714e-01
1.83339320787224005e-09   1.19007908460499445e+00   9.62038873434557518e-01
1.84879987348461176e-09   1.29477528558354993e+00   9.87012547431012743e-01
1.86420653909698348e-09   1.39243233734585736e+00   9.98979731037758278e-01
1.87961320470935520e-09   1.47982731527387701e+00   9.97458631211111557e-01
1.89501987032172691e-09   1.55370756458931059e+00   9.82510773315896757e-01
1.91042653593409904e-09   1.61099834468488723e+00   9.54736885593873486e-01
1.92583320154647076e-09   1.64905810323963609e+00   9.15238528627637993e-01
1.94123986715884248e-09   1.66595503579102444e+00   8.65543853207715319e-01
1.95664653277121419e-09   1.66072537256523556e+00   8.07509901701391253e-01
1.97205319838358591e-09   1.63356443913158778e+00   7.43208769821705917e-01
1.98745986399595762e-09   1.58590251717479136e+00   6.74804452945804711e-01
2.00286652960832934e-09   1.52033223512502214e+00   6.04434355191466044e-01
2.01827319522070106e-09   1.44037852045612746e+00   5.34102347723675153e-01
2.03367986083307277e-09   1.35013389075376899e+00   4.65590286276850451e-01
2.04908652644544490e-09   1.25381338075805338e+00   4.00393995173839834e-01
2.06449319205781662e-09   1.15530455253774189e+00   3.39684146444331259e-01
2.07989985767018834e-09   1.05779338904231612e+00   2.84293539136478146e-01
2.09530652328256005e-09   9.63532472697615550e-01   2.34727028040223329e-01
2.11071318889493177e-09   8.73786582659270228e-01   1.91189131026335585e-01
2.12611985450730349e-09   7.88951121682578860e-01   1.53626868115128823e-01
2.14152652011967520e-09   7.08800466512245375e-01   1.21779945217950616e-01
2.15693318573204692e-09   6.32798430069408724e-01   9.52331720817206073e-02
2.17233985134441905e-09   5.60397464624030284e-01   7.34690580638755197e-02
2.18774651695679077e-09   4.91266127169971312e-01   5.59146458495270379e-02
2.20315318256916248e-09   4.25411112955322968e-01   4.19807730149285435e-02
2.21855984818153420e-09   3.63189886277920815e-01   3.10941632692250391e-02
2.23396651379390591e-09   3.05232645463502039e-01   2.27202189650549738e-02
2.24937317940627763e-09   2.52304384928930869e-01   1.63775804725793846e-02
2.26477984501864935e-09   2.05139078798221713e-01   1.16463646893753860e-02
2.28018651063102106e-09   1.64273848867065253e-01   8.17027315480978525e-03
2.29559317624339278e-09   1.29908522748386823e-01   5.65439550776110616e-03
2.31099984185576491e-09   1.01816968198792365e-01   3.86045952876049427e-03
2.32640650746813663e-09   7.93375166310126556e-02   2.60014621308101877e-03
2.34181317308050834e-09   6.14633978797955310e-02   1.72766586839798414e-03
2.35721983869288006e-09   4.70331765343783570e-02   1.13246484818458650e-03
2.37262650430525178e-09   3.49862825605510713e-02   7.32311903938752656e-04
2.38803316991762349e-09   2.46114019696586153e-02   4.67165167864482423e-04
2.40343983552999521e-09   1.56949969026226287e-02   2.94000158624532011e-04
2.41884650114236693e-09   8.49231850199378205e-03   1.82528862451000371e-04
2.43425316675473906e-09   3.50023943833376559e-03   1.11793945688651972e-04
2.44965983236711077e-09   1.09528034613089447e-03   6.75472242429377042e-05
2.46506649797948249e-09   1.17697626128444562e-03   4.02628145284295019e-05
2.48047316359185421e-09   2.98510385533197259e-03   2.36757227155348442e-05
2.49587982920422592e-09   5.21191139777707826e-03   1.37342376268119459e-05
2.51128649481659764e-09   6.41257937665973103e-03   7.85984250247653134e-06
2.52669316042896935e-09   5.57214780784336637e-03   4.43736685770672407e-06
2.54209982604134107e-09   2.58291525516788972e-03   2.47137537649087486e-06
2.55750649165371279e-09   -1.61540734681402598e-03   1.35787779532732972e-06
2.57291315726608492e-09   -5.35831780314273507e-03   7.36011424593491172e-07
2.58831982287845663e-09   -6.96024173561515108e-03   3.93559120403198187e-07
2.60372648849082835e-09   -5.51615384157177081e-03   2.07608274729992426e-07
2.61913315410320007e-09   -1.42643981474471510e-03   1.08039087103845885e-07
2.63453981971557178e-09   3.64596926255147686e-03   5.54649154312744716e-08
2.64994648532794350e-09   7.43398373869620654e-03   2.80909070040080871e-08
2.66535315094031522e-09   8.08711483942337224e-03   1.40350636347919859e-08
2.68075981655268693e-09   5.09012934442081358e-03   6.91773365563899754e-09
2.69616648216505906e-09   -3.85196618284538994e-04   3.36375219719899353e-09
2.71157314777743078e-09   -5.92263218077346363e-03   1.61355954288931332e-09
2.72697981338980250e-09   -8.94616052399563669e-03   7.63565726950044755e-10
2.74238647900217421e-09   -7.95529691206331262e-03   3.56467020988085876e-10
2.75779314461454593e-09   -3.30279269725184624e-03   1.64169598576288100e-10
2.77319981022691764e-09   2.90470069188626147e-03   7.45875125992866114e-11
2.78860647583928936e-09   7.78013819811989357e-03   3.34311910021973185e-11
2.80401314145166108e-09   9.04993720989404581e-03   1.47821500467908284e-11
2.81941980706403279e-09   6.17340706979988083e-03   6.44796883471148305e-12
2.83482647267640492e-09   6.06312882539107242e-04   2.77473473429844362e-12
2.85023313828877664e-09   -4.94375050577835432e-03   1.17793033512720616e-12
2.86563980390114836e-09   -7.89304068944264754e-03   4.93306505865856140e-13
2.88104646951352007e-09   -7.06711239170219972e-03   2.03811282788824000e-13
2.89645313512589179e-09   -3.21543040144522257e-03   8.30689529148631512e-14
2.91185980073826351e-09   1.50654630349600013e-03   3.34001074830874639e-14
2.92726646635063522e-09   4.77577239437465984e-03   1.32486645461146796e-14
2.94267313196300694e-09   5.34448532864540728e-03   5.18435814925500374e-15
2.95807979757537866e-09   3.57864474247736753e-03   2.00131750288521577e-15
2.97348646318775079e-09   1.01033180913403034e-03   7.62172219901037116e-16
2.98889312880012250e-09   -7.74223273755782464e-04   2.86344196857111266e-16
3.00429979441249422e-09   -1.17536355284429380e-03   1.06125861974266575e-16
3.01970646002486593e-09   -8.58110301363139991e-04   3.88035318584043099e-17
3.03511312563723765e-09   -1.07497519478356052e-03   1.39964825112359934e-17
3.05051979124960937e-09   -2.49721343587856227e-03   4.98039256013336910e-18
3.06592645686198108e-09   -4.40713527981981788e-03   1.74834255041713566e-18
3.08133312247435280e-09   -4.93574058964026639e-03   6.05461532260715253e-19
3.09673978808672493e-09   -2.35542721827239126e-03   2.06844048062969369e-19
3.11214645369909665e-09   3.34446750913978573e-03   6.97138276006815867e-20
3.12755311931146836e-09   9.73528328379662591e-03   2.31788206693387764e-20
3.14295978492384008e-09   1.28419938176194039e-02   7.60255532733913842e-21
3.15836645053621180e-09   9.43276829913218193e-03   2.46007562893134830e-21
3.17377311614858351e-09   -5.40039541033387333e-04   7.85295746623689944e-22
3.18917978176095523e-09   -1.29777685457350411e-02   2.47293817062448555e-22
3.20458644737332695e-09   -2.11490991561936459e-02   7.68272200769254261e-23
3.21999311298569866e-09   -1.92559427872535417e-02   2.35457367942785649e-23
3.23539977859807079e-09   -6.20841703401943043e-03   7.11875480726706504e-24
3.25080644421044251e-09   1.27312284563341795e-02   2.12333690923845322e-24
3.26621310982281423e-09   2.78693295292178726e-02   6.24781921868964709e-25
3.28161977543518594e-09   3.00291250366039077e-02   1.81355996163010995e-25
3.29702644104755766e-09   1.60255768603719990e-02   5.19349632782080370e-26
3.31243310665992937e-09   -8.55906785953634841e-03   1.46717444669459681e-26
3.32783977227230109e-09   -3.13705060019905460e-02   4.08880982595717467e-27
3.34324643788467281e-09   -3.95285677769713212e-02   1.12418523897401993e-27
3.35865310349704494e-09   -2.69732731691298584e-02   3.04910362402780030e-28
3.37405976910941665e-09   1.30184209038185922e-03   8.15828761335318512e-29
3.38946643472178837e-09   3.09851799792095761e-02   2.15354057101696007e-29
3.40487310033416009e-09   4.57679345536593854e-02   5.60789332642263281e-30
3.42027976594653180e-09   3.64996394791797032e-02   1.44058278332782135e-30
3.43568643155890352e-09   6.96489449146079145e-03   3.65094564396517262e-31
3.45109309717127524e-09   -2.74041425486693767e-02   9.12776464731786547e-32
3.46649976278364695e-09   -4.76778687527714962e-02   2.25120236454350531e-32
3.48190642839601867e-09   -4.21333783669560064e-02   5.47765664651833464e-33
3.49731309400839080e-09   -1.33543535802429017e-02   1.31481985381473902e-33
3.51271975962076252e-09   2.27056111380650114e-02   3.11335009924556553e-34
3.52812642523313423e-09   4.55898997207000584e-02   7.27313041160409502e-35
3.54353309084550595e-09   4.22371615433103781e-02   1.67612036586912380e-35
3.55893975645787766e-09   1.48892841497830011e-02   3.81046952116281721e-36
3.57434642207024938e-09   -1.99657387347262627e-02   8.54643656119445216e-37
3.58975308768262110e-09   -4.13502859117438892e-02   1.89095538729378436e-37
3.60515975329499281e-09   -3.65947687197327939e-02   4.12730089828793012e-38
3.62056641890736494e-09   -9.33529250524097604e-03   8.88762867529796619e-39
3.63597308451973666e-09   2.25166000684130854e-02   1.88796740694260817e-39
3.65137975013210838e-09   3.79812264027635099e-02   3.95631515565967457e-40
3.66678641574448009e-09   2.66310130491281168e-02   8.17944543337793842e-41
3.68219308135685181e-09   -4.09248870120831887e-03   1.66818738360590156e-41
3.69759974696922353e-09   -3.30310273412797173e-02   3.35623788471631126e-42
3.71300641258159524e-09   -3.89331017294831591e-02   6.66191285301086592e-43
3.72841307819396696e-09   -1.51507307661502971e-02   1.30446461270151313e-43
3.74381974380633868e-09   2.43775046595745420e-02   2.51971660998411231e-44
3.75922640941871039e-09   5.26852337198881193e-02   4.80187847365063701e-45
3.77463307503108211e-09   4.70979587944115249e-02   9.02727976570617543e-46
3.79003974064345382e-09   5.61346335792810291e-03   1.67412456995992771e-46
3.80544640625582554e-09   -4.88526874759366778e-02   3.06309532108541178e-47
3.82085307186819808e-09   -8.06548562314580442e-02   5.52864407659532973e-48
3.83625973748056980e-09   -6.38440689410893353e-02   9.84375848027502017e-49
3.85166640309294152e-09   -1.09981929044042359e-03   1.72920701567683968e-49
3.86707306870531323e-09   7.38698415041741385e-02   2.99652214569186549e-50
3.88247973431768495e-09   1.14129921935791426e-01   5.12237343849560067e-51
3.89788639993005667e-09   8.83541893341982937e-02   8.63914166331935799e-52
3.91329306554242838e-09   3.23400164230432108e-03   1.43732004257691740e-52
3.92869973115480010e-09   -9.58520635143902816e-02   2.35894943635671690e-53
3.94410639676717182e-09   -1.48902396176148061e-01   3.81971827028089813e-54
3.95951306237954353e-09   -1.17492948247605117e-01   6.10135931196015535e-55
3.97491972799191525e-09   -1.13700468048877762e-02   9.61397824374411955e-56
3.99032639360428697e-09   1.12465938454046371e-01   1.49461452365543364e-56
4.00573305921665868e-09   1.80418594718156716e-01   2.29211736595990985e-57
4.02113972482903040e-09   1.46300273146612203e-01   3.46756607941285200e-58
4.03654639044140211e-09   2.23080526267608881e-02   5.17564158897687342e-59
4.05195305605377383e-09   -1.23584953423283017e-01   7.62051340889536188e-60
4.06735972166614555e-09   -2.05041504898508531e-01   1.10683648058121499e-60
4.08276638727851809e-09   -1.69038013803111647e-01   1.58612101615294837e-61
4.09817305289088981e-09   -3.06846599094600936e-02   2.24217105438344191e-62
4.11357971850326152e-09   1.31737729253110336e-01   3.12665016443616263e-63
4.12898638411563324e-09   2.21178638197318506e-01   4.30175403640079989e-64
4.14439304972800496e-09   1.80550492962797210e-01   5.83835342961358780e-65
4.15979971534037667e-09   3.00062575741640858e-02   7.81649809046920648e-66
4.17520638095274839e-09   -1.41846585934378322e-01   1.03250451608693022e-66
4.19061304656512011e-09   -2.29930680738624993e-01   1.34539296369930788e-67
4.20601971217749182e-09   -1.77584433001191117e-01   1.72934749304537996e-68
4.22142637778986354e-09   -1.41085481082285635e-02   2.19318604890416686e-69
4.23683304340223526e-09   1.60240688881264942e-01   2.74375325171481255e-70
4.25223970901460697e-09   2.35013821557772423e-01   3.38601922112547774e-71
4.26764637462697869e-09   1.59687285318878214e-01   4.12283656456500234e-72
4.28305304023935041e-09   -2.13163454141662156e-02   4.95197088509253148e-73
4.29845970585172212e-09   -1.93129644926404304e-01   5.86723762235737964e-74
4.31386637146409384e-09   -2.41886316315788857e-01   6.85889087349413432e-75
4.32927303707646555e-09   -1.29381596730834048e-01   7.90948565967400941e-76
4.34467970268883810e-09   7.75399048512461775e-02   8.99735888086815686e-77
4.36008636830120981e-09   2.44893538691694446e-01   1.00983122879172008e-77
4.37549303391358153e-09   2.56225560307131839e-01   1.11803534528508509e-78
4.39089969952595325e-09   9.14848803613939054e-02   1.22105019644270805e-79
4.40630636513832496e-09   -1.52324285501476170e-01   1.31577257653823342e-80
4.42171303075069668e-09   -3.16633456133355251e-01   1.39862070750700909e-81
4.43711969636306840e-09   -2.82099186191505369e-01   1.46652374730897056e-82
4.45252636197544011e-09   -5.16706004681950493e-02   1.51722501260611398e-83
4.46793302758781183e-09   2.40355589287568006e-01   1.54839408844041465e-84
4.48333969320018355e-09   4.05400198693069036e-01   1.55876910637458952e-85
4.49874635881255526e-09   3.20295920216605579e-01   1.54830418142687235e-86
4.51415302442492698e-09   1.45887519714150149e-02   1.51705101457879254e-87
4.52955969003729870e-09   -3.34550258928747180e-01   1.46626202777899966e-88
4.54496635564967041e-09   -5.04374585856814606e-01   1.39829791235900610e-89
4.56037302126204213e-09   -3.67288189479812455e-01   1.31539442242700001e-90
4.57577968687441384e-09   1.79778205841589767e-02   1.22061441193068562e-91
4.59118635248678556e-09   4.27955165935259618e-01   1.11758422129023837e-92
4.60659301809915810e-09   6.04039152009687719e-01   1.00936661641917850e-93
4.62199968371152982e-09   4.15176077702812618e-01   8.99254266634515526e-95
4.63740634932390154e-09   -4.84023795251761202e-02   7.90492845219282158e-96
4.65281301493627325e-09   -5.15768015873329322e-01   6.85455093287150717e-97
4.66821968054864497e-09   -6.94113972237278110e-01   5.86305041526104180e-98
4.68362634616101669e-09   -4.52732637047816744e-01   4.94826278103246693e-99
4.69903301177338840e-09   8.35241538594572175e-02   4.11951614103307920e-100
4.71443967738576012e-09   5.96921285064392904e-01   3.38299891165090340e-101
4.72984634299813184e-09   7.65798785980462471e-01   2.74122507853671239e-102
4.74525300861050355e-09   4.67386445236527670e-01   2.19104117946517553e-103
4.76065967422287527e-09   -1.33773948615275529e-01   1.72749657669928104e-104
4.77606633983524699e-09   -6.74733247028932448e-01   1.34392108382511257e-105
4.79147300544761870e-09   -8.13735812906530742e-01   1.03131658343225667e-106
4.80687967105999042e-09   -4.47710836337651352e-01   7.80673865292173675e-108
4.82228633667236213e-09   2.11206321328931856e-01   5.83095873451710791e-109
4.83769300228473385e-09   7.56330868268238588e-01   4.29606251575192133e-110
4.85309966789710557e-09   8.37126932440990568e-01   3.12218903263686701e-111
4.86850633350947811e-09   3.85814198559109867e-01   2.23894434534823757e-112
4.88391299912184983e-09   -3.26829015368394760e-01   1.58374885523149762e-113
4.89931966473422154e-09   -8.50850201959653551e-01   1.10505998961380534e-114
4.91472633034659326e-09   -8.39613613984133145e-01   7.60823219187079740e-116
4.93013299595896498e-09   -2.78997659112414476e-01   5.16700837554363882e-117
4.94553966157133669e-09   4.87843828270191127e-01   3.46138274079754646e-118
4.96094632718370841e-09   9.66748654451802025e-01   2.28802806769829277e-119
4.97635299279608013e-09   8.27825364500192062e-01   1.49186370120068625e-120
4.99175965840845184e-09   1.30186171216351121e-01   9.59512199231489743e-122
5.00716632402082356e-09   -6.95493464386913618e-01   6.08942193041243484e-123
5.02257298963319528e-09   -1.10883465939481196e+00   3.81202955377654235e-124
5.03797965524556699e-09   -8.08853922321401853e-01   2.35390258312132095e-125
5.05338632085793871e-09   5.30759308379696870e-02   1.43426009664585816e-126
5.06879298647031043e-09   9.44112016307736890e-01   8.62026269677152260e-128
5.08419965208268214e-09   1.27575638441025885e+00   5.11050218319668924e-129
5.09960631769505386e-09   7.87226958971748547e-01   2.98962622402195561e-130
5.11501298330742557e-09   -2.60906661732600686e-01   1.72513017981827932e-131
5.13041964891979812e-09   -1.22171278065757360e+00   9.81919260172081763e-133
5.14582631453216983e-09   -1.45864397827705927e+00   5.51496807188668413e-134
5.16123298014454155e-09   -7.62149269764491266e-01   3.05534583374501651e-135
5.17663964575691327e-09   4.84128391636281630e-01   1.66964863666926752e-136
5.19204631136928498e-09   1.51207170525420320e+00   9.00339367746627236e-138
5.20745297698165670e-09   1.64136596901370213e+00   4.78890263483649985e-139
5.22285964259402842e-09   7.25788950107603359e-01   2.51253143218873440e-140
5.23826630820640013e-09   -7.17298824353514108e-01   1.30078825720176688e-141
5.25367297381877185e-09   -1.79786771841699755e+00   6.64276317944244814e-143
5.26907963943114357e-09   -1.80248531368864895e+00   3.34607004346061517e-144
5.28448630504351528e-09   -6.63192049585528354e-01   1.66319857695244448e-145
5.29989297065588700e-09   9.60886355713811424e-01   8.15452488275763049e-147
5.31529963626825872e-09   2.06412560416254820e+00   3.94362544413491865e-148
5.33070630188063043e-09   1.91857091541442304e+00   1.88199615322660108e-149
5.34611296749300215e-09   5.54044922018986030e-01   8.85902005751357110e-151
5.36151963310537386e-09   -1.22188818802819110e+00   4.11332855128648629e-152
5.37692629871774558e-09   -2.30106317403722782e+00   1.88464904035086224e-153
5.39233296433011812e-09   -1.96814432070127676e+00   8.51745480473837977e-155
5.40773962994248984e-09   -3.76049695157641972e-01   3.79689203452593205e-156
5.42314629555486156e-09   1.51253013826499561e+00   1.67024189731593063e-157
5.43855296116723327e-09   2.50552480150662316e+00   7.24721458681039142e-159
5.45395962677960499e-09   1.93532175234725745e+00   3.10170295594848581e-160
5.46936629239197671e-09   1.09245794731005930e-01   1.30998218363269469e-161
5.48477295800434842e-09   -1.84715326288461368e+00   5.45719577098035420e-163
5.50017962361672014e-09   -2.68048602688379312e+00   2.24238029149526525e-164
5.51558628922909186e-09   -1.81221897496106621e+00   9.09260938168993036e-166
5.53099295484146357e-09   2.59686462600690504e-01   3.63667990825883738e-167
5.54639962045383529e-09   2.23787355633847529e+00   1.43468130579100010e-168
5.56180628606620701e-09   2.83257873813162186e+00   5.58532962891513003e-170
5.57721295167857872e-09   1.59943751891089314e+00   2.14475530458119085e-171
5.59261961729095044e-09   -7.34177411720488449e-01   8.12341646681889414e-173
5.60802628290332215e-09   -2.68997351972124665e+00   3.03631072244407235e-174
5.62343294851569387e-09   -2.96810606068539684e+00   0.00000000000000000e+00
5.63883961412806559e-09   -1.30440015583421909e+00   0.00000000000000000e+00
5.65424627974043813e-09   1.30642442234914524e+00   0.00000000000000000e+00
5.66965294535280985e-09   3.19814306908714396e+00   0.00000000000000000e+00
5.68505961096518156e-09   3.08846031088217909e+00   0.00000000000000000e+00
5.70046627657755328e-09   9.37850710565989676e-01   0.00000000000000000e+00
5.71587294218992500e-09   -1.95838227237794271e+00   0.00000000000000000e+00
5.73127960780229671e-09   -3.74457378385302198e+00   0.00000000000000000e+00
5.74668627341466843e-09   -3.18610504605124900e+00   0.00000000000000000e+00
5.76209293902704015e-09   -5.09344448980554088e-01   0.00000000000000000e+00
5.77749960463941186e-09   2.66495316995978904e+00   0.00000000000000000e+00
5.79290627025178358e-09   4.29953228073491012e+00   0.00000000000000000e+00
5.80831293586415530e-09   3.24225337988746221e+00   0.00000000000000000e+00
5.82371960147652701e-09   2.28952702094922245e-02   0.00000000000000000e+00
5.83912626708889873e-09   -3.39866969277334308e+00   0.00000000000000000e+00
5.85453293270127045e-09   -4.82447167323826687e+00   0.00000000000000000e+00
5.86993959831364216e-09   -3.22705422989174640e+00   0.00000000000000000e+00
5.88534626392601388e-09   5.25986865310201779e-01   0.00000000000000000e+00
5.90075292953838559e-09   4.13472931178207226e+00   0.00000000000000000e+00
5.91615959515075731e-09   5.27711506874849157e+00   0.00000000000000000e+00
5.93156626076312985e-09   3.10254460872938154e+00   0.00000000000000000e+00
5.94697292637550157e-09   -1.15087984995563186e+00   0.00000000000000000e+00
5.96237959198787329e-09   -4.85506489749194259e+00   0.00000000000000000e+00
5.97778625760024500e-09   -5.61741710861062860e+00   0.00000000000000000e+00
5.99319292321261672e-09   -2.82796218309701874e+00   0.00000000000000000e+00
6.00859958882498844e-09   1.87218594013578254e+00   0.00000000000000000e+00
6.02400625443736015e-09   5.55028680261411900e+00   0.00000000000000000e+00
6.03941292004973187e-09   5.81302075038751198e+00   0.00000000000000000e+00
6.05481958566210359e-09   2.36639826395035779e+00   0.00000000000000000e+00
6.07022625127447530e-09   -2.71223585135825562e+00   0.00000000000000000e+00
6.08563291688684702e-09   -6.21879556744617545e+00   0.00000000000000000e+00
6.10103958249921874e-09   -5.84286841050270134e+00   0.00000000000000000e+00
6.11644624811159045e-09   -1.69136657245624455e+00   0.00000000000000000e+00
6.13185291372396217e-09   3.68866241677271134e+00   0.00000000000000000e+00
6.14725957933633388e-09   6.86304607176172610e+00   0.00000000000000000e+00
6.16266624494870560e-09   5.69801324849848623e+00   0.00000000000000000e+00
6.17807291056107732e-09   7.91785497256349835e-01   0.00000000000000000e+00
6.19347957617344986e-09   -4.80746239521302421e+00   0.00000000000000000e+00
6.20888624178582158e-09   -7.48368746852220301e+00   0.00000000000000000e+00
6.22429290739819329e-09   -5.37933504753580749e+00   0.00000000000000000e+00
6.23969957301056501e-09   3.25835394102671039e-01   0.00000000000000000e+00
6.25510623862293673e-09   6.05736796468966787e+00   0.00000000000000000e+00
6.27051290423530844e-09   8.07292453017364231e+00   0.00000000000000000e+00
6.28591956984768016e-09   4.89264861021400055e+00   0.00000000000000000e+00
6.30132623546005188e-09   -1.63859743983777495e+00   0.00000000000000000e+00
6.31673290107242359e-09   -7.40696436192273655e+00   0.00000000000000000e+00
6.33213956668479531e-09   -8.60877853125313308e+00   0.00000000000000000e+00
6.34754623229716703e-09   -4.24241119552634949e+00   0.00000000000000000e+00
6.36295289790953874e-09   3.11158926572530703e+00   0.00000000000000000e+00
6.37835956352191046e-09   8.80543526237777208e+00   0.00000000000000000e+00
6.39376622913428217e-09   9.05186367517747925e+00   0.00000000000000000e+00
6.40917289474665389e-09   3.42570223155910814e+00   0.00000000000000000e+00
6.42457956035902561e-09   -4.70441549310037654e+00   0.00000000000000000e+00
6.43998622597139732e-09   -1.01870055463753495e+01   0.00000000000000000e+00
6.45539289158376987e-09   -9.34582433210981023e+00   0.00000000000000000e+00
6.47079955719614158e-09   -2.42822638793871448e+00   0.00000000000000000e+00
6.48620622280851330e-09   6.37825145263438742e+00   0.00000000000000000e+00
6.50161288842088502e-09   1.14782673551762571e+01   0.00000000000000000e+00
6.51701955403325673e-09   9.42178668892920257e+00   0.00000000000000000e+00
6.53242621964562845e-09   1.22373125028729390e+00   0.00000000000000000e+00
6.54783288525800017e-09   -8.10156352333113539e+00   0.00000000000000000e+00
6.56323955087037188e-09   -1.26068359872814408e+01   0.00000000000000000e+00
6.57864621648274360e-09   -9.20624017928248506e+00   0.00000000000000000e+00
6.59405288209511532e-09   2.22508998337833219e-01   0.00000000000000000e+00
6.60945954770748703e-09   9.85285644780046610e+00   0.00000000000000000e+00
6.62486621331985875e-09   1.35093820212666671e+01   0.00000000000000000e+00
6.64027287893223047e-09   8.63090239127836689e+00   0.00000000000000000e+00
6.65567954454460218e-09   -1.94645527682257224e+00   0.00000000000000000e+00
6.67108621015697390e-09   -1.16194634717924785e+01   0.00000000000000000e+00
6.68649287576934561e-09   -1.41371481303213287e+01   0.00000000000000000e+00
6.70189954138171733e-09   -7.64255528585718658e+00   0.00000000000000000e+00
6.71730620699408987e-09   3.97558405781117052e+00   0.00000000000000000e+00
6.73271287260646159e-09   1.33923492689001105e+01   0.00000000000000000e+00
6.74811953821883331e-09   1.44575990018493101e+01   0.00000000000000000e+00
6.76352620383120502e-09   6.21073070716878739e+00   0.00000000000000000e+00
6.77893286944357674e-09   -6.31868213328560024e+00   0.00000000000000000e+00
6.79433953505594846e-09   -1.51579319873462541e+01   0.00000000000000000e+00
6.80974620066832017e-09   -1.44517677104389808e+01   0.00000000000000000e+00
6.82515286628069189e-09   -4.33152653707143642e+00   0.00000000000000000e+00
6.84055953189306361e-09   8.95743812381653193e+00   0.00000000000000000e+00
6.85596619750543532e-09   1.68887965327079854e+01   0.00000000000000000e+00
6.87137286311780704e-09   1.41079482833593239e+01   0.00000000000000000e+00
6.88677952873017876e-09   2.02668460579030629e+00   0.00000000000000000e+00
6.90218619434255047e-09   -1.18418642560879288e+01   0.00000000000000000e+00
6.91759285995492219e-09   -1.85356387332753840e+01   0.00000000000000000e+00
6.93299952556729390e-09   -1.34133820342536438e+01   0.00000000000000000e+00
6.94840619117966562e-09   6.61824674686037895e-01   0.00000000000000000e+00
6.96381285679203734e-09   1.48908230790894827e+01   0.00000000000000000e+00
6.97921952240440988e-09   2.00227052353863897e+01   0.00000000000000000e+00
6.99462618801678160e-09   1.23462391291601428e+01   0.00000000000000000e+00
7.01003285362915331e-09   -3.68034787046347844e+00   0.00000000000000000e+00
7.02543951924152503e-09   -1.79978188132472354e+01   0.00000000000000000e+00
7.04084618485389675e-09   -2.12483575597258394e+01   0.00000000000000000e+00
7.05625285046626846e-09   -1.08703198502113576e+01   0.00000000000000000e+00
7.07165951607864018e-09   6.97301654833544937e+00   0.00000000000000000e+00
7.08706618169101190e-09   2.10409937426254530e+01   0.00000000000000000e+00
7.10247284730338361e-09   2.20913090509388290e+01   0.00000000000000000e+00
7.11787951291575533e-09   8.93442450041641578e+00   0.00000000000000000e+00
7.13328617852812705e-09   -1.04895866529820481e+01   0.00000000000000000e+00
7.14869284414049876e-09   -2.38952400291106812e+01   0.00000000000000000e+00
7.16409950975287048e-09   -2.24217958736654062e+01   0.00000000000000000e+00
7.17950617536524219e-09   -6.47734292844559789e+00   0.00000000000000000e+00
7.19491284097761391e-09   1.41893742084773535e+01   0.00000000000000000e+00
7.21031950658998563e-09   2.64437617663237106e+01   0.00000000000000000e+00
7.22572617220235734e-09   2.21157493631914512e+01   0.00000000000000000e+00
7.24113283781472989e-09   3.43810434364766948e+00   0.00000000000000000e+00
7.25653950342710160e-09   -1.80398802234641380e+01   0.00000000000000000e+00
7.27194616903947332e-09   -2.85864704866246875e+01   0.00000000000000000e+00
7.28735283465184504e-09   -2.10692343802206246e+01   0.00000000000000000e+00
7.30275950026421675e-09   2.30193917891487132e-01   0.00000000000000000e+00
7.31816616587658847e-09   2.20099816606407472e+01   0.00000000000000000e+00
7.33357283148896019e-09   3.02432956262147954e+01   0.00000000000000000e+00
7.34897949710133190e-09   1.92102264968831626e+01   0.00000000000000000e+00
7.36438616271370362e-09   -4.54567104787373566e+00   0.00000000000000000e+00
7.37979282832607534e-09   -2.60589756428536212e+01   0.00000000000000000e+00
7.39519949393844705e-09   -3.13517067921360315e+01   0.00000000000000000e+00
7.41060615955081877e-09   -1.65053028251720768e+01   0.00000000000000000e+00
7.42601282516319049e-09   9.48518665620406765e+00   0.00000000000000000e+00
7.44141949077556220e-09   3.01239613543359788e+01   0.00000000000000000e+00
7.45682615638793392e-09   3.18592084629670076e+01   0.00000000000000000e+00
7.47223282200030646e-09   1.29599346839889726e+01   0.00000000000000000e+00
7.48763948761267735e-09   -1.49769439906314759e+01   0.00000000000000000e+00
7.50304615322504989e-09   -3.41087198572945169e+01   0.00000000000000000e+00
7.51845281883742078e-09   -3.17129335339752458e+01   0.00000000000000000e+00
7.53385948444979333e-09   -8.61255764722390893e+00   0.00000000000000000e+00
7.54926615006216422e-09   2.09000334404171113e+01   0.00000000000000000e+00
7.56467281567453676e-09   3.78772063162573289e+01   0.00000000000000000e+00
7.58007948128690765e-09   3.08493860758719300e+01   0.00000000000000000e+00
7.59548614689928019e-09   3.52411245699237341e+00   0.00000000000000000e+00
7.61089281251165108e-09   -2.70913014409451058e+01   0.00000000000000000e+00
7.62629947812402363e-09   -4.12539660671326018e+01   0.00000000000000000e+00
7.64170614373639617e-09   -2.91876092650905328e+01   0.00000000000000000e+00
7.65711280934876706e-09   2.23407243756204821e+00   0.00000000000000000e+00
7.67251947496113960e-09   3.33582869085807019e+01   0.00000000000000000e+00
7.68792614057351049e-09   4.40323724314254221e+01   0.00000000000000000e+00
7.70333280618588304e-09   2.66284805284017914e+01   0.00000000000000000e+00
7.71873947179825392e-09   -8.59065906879108709e+00   0.00000000000000000e+00
7.73414613741062647e-09   -3.94955466429559792e+01   0.00000000000000000e+00
7.74955280302299736e-09   -4.59898645329843134e+01   0.00000000000000000e+00
7.76495946863536990e-09   -2.30615508115847234e+01   0.00000000000000000e+00
7.78036613424774079e-09   1.54798333896774736e+01   0.00000000000000000e+00
7.79577279986011333e-09   4.53008502641580293e+01   0.00000000000000000e+00
7.81117946547248422e-09   4.69077343427152798e+01   0.00000000000000000e+00
7.82658613108485677e-09   1.83791158118776856e+01   0.00000000000000000e+00
7.84199279669722766e-09   -2.28399777855971244e+01   0.00000000000000000e+00
7.85739946230960020e-09   -5.05877005695935082e+01   0.00000000000000000e+00
7.87280612792197109e-09   -4.65918713227026373e+01   0.00000000000000000e+00
7.88821279353434363e-09   -1.24954254755917376e+01   0.00000000000000000e+00
7.90361945914671618e-09   3.06051346503589343e+01   0.00000000000000000e+00
7.91902612475908707e-09   5.51914772315644058e+01   0.00000000000000000e+00
7.93443279037145961e-09   4.48905219042523100e+01   0.00000000000000000e+00
7.94983945598383050e-09   5.36753145109874907e+00   0.00000000000000000e+00
7.96524612159620304e-09   -3.86907873997686949e+01   0.00000000000000000e+00
7.98065278720857393e-09   -5.89680523067991089e+01   0.00000000000000000e+00
7.99605945282094647e-09   -4.17056862592397835e+01   0.00000000000000000e+00
8.01146611843331736e-09   2.98639816848474737e+00   0.00000000000000000e+00
8.02687278404568991e-09   4.69771208121951602e+01   0.00000000000000000e+00
8.04227944965806080e-09   6.17856449220021133e+01   0.00000000000000000e+00
8.05768611527043334e-09   3.69961675646884771e+01   0.00000000000000000e+00
8.07309278088280423e-09   -1.24751978959848202e+01   0.00000000000000000e+00
8.08849944649517677e-09   -5.52939059680146059e+01   0.00000000000000000e+00
8.10390611210754766e-09   -6.35125202354465728e+01   0.00000000000000000e+00
8.11931277771992021e-09   -3.07722145555450908e+01   0.00000000000000000e+00
8.13471944333229110e-09   2.29319614695374483e+01   0.00000000000000000e+00
8.15012610894466364e-09   6.34112071143976550e+01   0.00000000000000000e+00
8.16553277455703618e-09   6.40044388179328791e+01   0.00000000000000000e+00
8.18093944016940707e-09   2.30837164542491777e+01   0.00000000000000000e+00
8.19634610578177962e-09   -3.41212518157589813e+01   0.00000000000000000e+00
8.21175277139415051e-09   -7.10391586698326307e+01   0.00000000000000000e+00
8.22715943700652305e-09   -6.30961758140039777e+01   0.00000000000000000e+00
8.24256610261889394e-09   -1.40055337112705729e+01   0.00000000000000000e+00
8.25797276823126648e-09   4.57549180585887996e+01   0.00000000000000000e+00
8.27337943384363737e-09   7.78382783406818533e+01   0.00000000000000000e+00
8.28878609945600991e-09   6.06007989964373124e+01   0.00000000000000000e+00
8.30419276506838080e-09   3.62436091870480936e+00   0.00000000000000000e+00
8.31959943068075335e-09   -5.75132420568791360e+01   0.00000000000000000e+00
8.33500609629312424e-09   -8.34395451899118541e+01   0.00000000000000000e+00
8.35041276190549678e-09   -5.63188095277592780e+01   0.00000000000000000e+00
8.36581942751786767e-09   7.96872342649755439e+00   0.00000000000000000e+00
8.38122609313024021e-09   6.90669122417358921e+01   0.00000000000000000e+00
8.39663275874261110e-09   8.74712877989200166e+01   0.00000000000000000e+00
8.41203942435498365e-09   5.00570333397214355e+01   0.00000000000000000e+00
8.42744608996735619e-09   -2.06771624142720114e+01   0.00000000000000000e+00
8.44285275557972708e-09   -8.00951339722223707e+01   0.00000000000000000e+00
8.45825942119209962e-09   -8.95883199208961685e+01   0.00000000000000000e+00
8.47366608680447051e-09   -4.16547993854320069e+01   0.00000000000000000e+00
8.48907275241684306e-09   3.43885199689666692e+01   0.00000000000000000e+00
8.50447941802921394e-09   9.02961293854158953e+01   0.00000000000000000e+00
8.51988608364158649e-09   8.94981405506334369e+01   0.00000000000000000e+00
8.53529274925395738e-09   3.10130085199518462e+01   0.00000000000000000e+00
8.55069941486632992e-09   -4.89564449532394050e+01   0.00000000000000000e+00
8.56610608047870081e-09   -9.93881828748502016e+01   0.00000000000000000e+00
8.58151274609107335e-09   -8.69795771777748001e+01   0.00000000000000000e+00
8.59691941170344424e-09   -1.81206677502892575e+01   0.00000000000000000e+00
8.61232607731581679e-09   6.41788695448387330e+01   0.00000000000000000e+00
8.62773274292818768e-09   1.07101836603949025e+02   0.00000000000000000e+00
8.64313940854056022e-09   8.18909157090825346e+01   0.00000000000000000e+00
8.65854607415293111e-09   3.07363242708949258e+00   0.00000000000000000e+00
8.67395273976530365e-09   -7.97777297621333474e+01   0.00000000000000000e+00
8.68935940537767620e-09   -1.13166265649133265e+02   0.00000000000000000e+00
8.70476607099004709e-09   -7.41669793007456803e+01   0.00000000000000000e+00
8.72017273660241963e-09   1.39183144641670395e+01   0.00000000000000000e+00
8.73557940221479052e-09   9.53857467671195138e+01   0.00000000000000000e+00
8.75098606782716306e-09   1.17294671504806885e+02   0.00000000000000000e+00
8.76639273343953395e-09   6.38072432638264218e+01   0.00000000000000000e+00
8.78179939905190649e-09   -3.25375800993673607e+01   0.00000000000000000e+00
8.79720606466427738e-09   -1.10544762084460658e+02   0.00000000000000000e+00
8.81261273027664993e-09   -1.19174249777748756e+02   0.00000000000000000e+00
8.82801939588902082e-09   -5.08592793427040561e+01   0.00000000000000000e+00
8.84342606150139336e-09   5.23768335238398208e+01   0.00000000000000000e+00
8.85883272711376425e-09   1.24717953207220290e+02   0.00000000000000000e+00
8.87423939272613679e-09   1.18465674697040612e+02   0.00000000000000000e+00
8.88964605833850768e-09   3.54030546650388658e+01   0.00000000000000000e+00
8.90505272395088023e-09   -7.29652096974263316e+01   0.00000000000000000e+00
8.92045938956325112e-09   -1.37315420330620043e+02   0.00000000000000000e+00
8.93586605517562366e-09   -1.14815168667560016e+02   0.00000000000000000e+00
8.95127272078799620e-09   -1.75415200441106691e+01   0.00000000000000000e+00
8.96667938640036709e-09   9.37970676238963819e+01   0.00000000000000000e+00
8.98208605201273964e-09   1.47729764830877997e+02   0.00000000000000000e+00
8.99749271762511053e-09   1.07879465120099539e+02   0.00000000000000000e+00
9.01289938323748307e-09   -2.59853819213134329e+00   0.00000000000000000e+00
9.02830604884985396e-09   -1.14357244778080798e+02   0.00000000000000000e+00
9.04371271446222650e-09   -1.55376049763351915e+02   0.00000000000000000e+00
9.05911938007459739e-09   -9.73609349464651501e+01   0.00000000000000000e+00
9.07452604568696993e-09   2.48539585640815091e+01   0.00000000000000000e+00
9.08993271129934082e-09   1.34137718156693609e+02   0.00000000000000000e+00
9.10533937691171337e-09   1.59729496240650803e+02   0.00000000000000000e+00
9.12074604252408426e-09   8.30475364685927104e+01   0.00000000000000000e+00
9.13615270813645680e-09   -4.90026346067244560e+01   0.00000000000000000e+00
9.15155937374882769e-09   -1.52642828751878795e+02   0.00000000000000000e+00
9.16696603936120023e-09   -1.60354722700389857e+02   0.00000000000000000e+00
9.18237270497357112e-09   -6.48507058039007092e+01   0.00000000000000000e+00
9.19777937058594367e-09   7.47354719406600481e+01   0.00000000000000000e+00
9.21318603619831621e-09   1.69383266062167166e+02   0.00000000000000000e+00
9.22859270181068710e-09   1.56922230747069250e+02   0.00000000000000000e+00
9.24399936742305964e-09   4.28342461405080286e+01   0.00000000000000000e+00
9.25940603303543053e-09   -1.01629438406635515e+02   0.00000000000000000e+00
9.27481269864780308e-09   -1.83862142653511626e+02   0.00000000000000000e+00
9.29021936426017396e-09   -1.49210788523251949e+02   0.00000000000000000e+00
9.30562602987254651e-09   -1.72287857244586746e+01   0.00000000000000000e+00
9.32103269548491740e-09   1.29128860155227244e+02   0.00000000000000000e+00
9.33643936109728994e-09   1.95558958611858429e+02   0.00000000000000000e+00
9.35184602670966083e-09   1.37097698265156794e+02   0.00000000000000000e+00
9.36725269232203337e-09   -1.15708284910028851e+01   0.00000000000000000e+00
9.38265935793440426e-09   -1.56541060991780171e+02   0.00000000000000000e+00
9.39806602354677681e-09   -2.03918426090966477e+02   0.00000000000000000e+00
9.41347268915914770e-09   -1.20541873243743055e+02   0.00000000000000000e+00
9.42887935477152024e-09   4.30243536226608114e+01   0.00000000000000000e+00
9.44428602038389113e-09   1.83049903855562775e+02   0.00000000000000000e+00
9.45969268599626367e-09   2.08350638542065809e+02   0.00000000000000000e+00
9.47509935160863622e-09   9.95664639187393448e+01   0.00000000000000000e+00
9.49050601722100711e-09   -7.64769688191269950e+01   0.00000000000000000e+00
9.50591268283337965e-09   -2.07747291137552651e+02   0.00000000000000000e+00
9.52131934844575054e-09   -2.08246949275213950e+02   0.00000000000000000e+00
9.53672601405812308e-09   -7.42479725956795278e+01   0.00000000000000000e+00
9.55213267967049397e-09   1.11195402187531755e+02   0.00000000000000000e+00
9.56753934528286651e-09   2.29678986545752878e+02   0.00000000000000000e+00
9.58294601089523740e-09   2.03012582628387008e+02   0.00000000000000000e+00
9.59835267650760995e-09   4.47172530816147855e+01   0.00000000000000000e+00
9.61375934211998084e-09   -1.46401743195619559e+02   0.00000000000000000e+00
9.62916600773235338e-09   -2.47898088185247616e+02   0.00000000000000000e+00
9.64457267334472427e-09   -1.92113162551223638e+02   0.00000000000000000e+00
9.65997933895709681e-09   -1.11747914217831408e+01   0.00000000000000000e+00
9.67538600456946770e-09   1.81298189417770516e+02   0.00000000000000000e+00
9.69079267018184025e-09   2.61517844868727479e+02   0.00000000000000000e+00
9.70619933579421114e-09   1.75128885878199185e+02   0.00000000000000000e+00
9.72160600140658368e-09   -2.60811464113370164e+01   0.00000000000000000e+00
9.73701266701895622e-09   -2.15078520335198135e+02   0.00000000000000000e+00
9.75241933263132711e-09   -2.69755701498114377e+02   0.00000000000000000e+00
9.76782599824369966e-09   -1.51807821044974759e+02   0.00000000000000000e+00
9.78323266385607055e-09   6.66186604596433654e+01   0.00000000000000000e+00
9.79863932946844309e-09   2.46925761882685237e+02   0.00000000000000000e+00
9.81404599508081398e-09   2.71962505381718302e+02   0.00000000000000000e+00
9.82945266069318652e-09   1.22109360216159843e+02   0.00000000000000000e+00
9.84485932630555741e-09   -1.09836597912333673e+02   0.00000000000000000e+00
9.86026599191792995e-09   -2.75999464400945612e+02   0.00000000000000000e+00
9.87567265753030084e-09   -2.67634285650417837e+02   0.00000000000000000e+00
9.89107932314267339e-09   -8.62303796317909814e+01   0.00000000000000000e+00
9.90648598875504428e-09   1.54938209862240285e+02   0.00000000000000000e+00
9.92189265436741682e-09   3.01419316335636722e+02   0.00000000000000000e+00
9.93729931997978771e-09   2.56408156105729688e+02   0.00000000000000000e+00
9.95270598559216025e-09   4.46098967601107574e+01   0.00000000000000000e+00
9.96811265120453114e-09   -2.00922188167509745e+02   0.00000000000000000e+00
9.98351931681690369e-09   -3.22253621888895850e+02   0.00000000000000000e+00
9.99892598242927623e-09   -2.38047722062135364e+02   0.00000000000000000e+00
1.00143326480416471e-08   2.08773310439349302e+00   0.00000000000000000e+00
1.00297393136540197e-08   2.46596327599519924e+02   0.00000000000000000e+00
1.00451459792663906e-08   3.37520964977363860e+02   0.00000000000000000e+00
1.00605526448787631e-08   2.12425960436430046e+02   0.00000000000000000e+00
1.00759593104911340e-08   -5.30067195458036053e+01   0.00000000000000000e+00
1.00913659761035065e-08   -2.90614845870120803e+02   0.00000000000000000e+00
1.01067726417158774e-08   -3.46211100663900822e+02   0.00000000000000000e+00
1.01221793073282500e-08   -1.79514211785780759e+02   0.00000000000000000e+00
1.01375859729406209e-08   1.07143104177240815e+02   0.00000000000000000e+00
1.01529926385529934e-08   3.31535742174675761e+02   0.00000000000000000e+00
1.01683993041653643e-08   3.47327185129985992e+02   0.00000000000000000e+00
1.01838059697777368e-08   1.39384424012859512e+02   0.00000000000000000e+00
1.01992126353901077e-08   -1.63388054947176300e+02   0.00000000000000000e+00
1.02146193010024803e-08   -3.67890540007858874e+02   0.00000000000000000e+00
1.02300259666148511e-08   -3.39946713647749959e+02   0.00000000000000000e+00
1.02454326322272237e-08   -9.22283776419772039e+01   0.00000000000000000e+00
1.02608392978395962e-08   2.20562457927757293e+02   0.00000000000000000e+00
1.02762459634519671e-08   3.98256297393198963e+02   0.00000000000000000e+00
1.02916526290643397e-08   3.23294051257046590e+02   0.00000000000000000e+00
1.03070592946767106e-08   3.83930275989334291e+01   0.00000000000000000e+00
1.03224659602890831e-08   -2.77436825535751723e+02   0.00000000000000000e+00
1.03378726259014540e-08   -4.21319501086451851e+02   0.00000000000000000e+00
1.03532792915138265e-08   -2.96814269709546409e+02   0.00000000000000000e+00
1.03686859571261974e-08   2.15736414761975652e+01   0.00000000000000000e+00
1.03840926227385700e-08   3.32734847635940810e+02   0.00000000000000000e+00
1.03994992883509409e-08   4.35923521816734024e+02   0.00000000000000000e+00
1.04149059539633134e-08   2.60236941674912089e+02   0.00000000000000000e+00
1.04303126195756843e-08   -8.68756045640251955e+01   0.00000000000000000e+00
1.04457192851880568e-08   -3.85123799505123088e+02   0.00000000000000000e+00
1.04611259508004277e-08   -4.41095282260638953e+02   0.00000000000000000e+00
1.04765326164128003e-08   -2.13619923614826064e+02   0.00000000000000000e+00
1.04919392820251712e-08   1.56431814821337412e+02   0.00000000000000000e+00
1.05073459476375437e-08   4.33199328066957719e+02   0.00000000000000000e+00
1.05227526132499162e-08   4.36051796736009464e+02   0.00000000000000000e+00
1.05381592788622871e-08   1.57366757861322128e+02   0.00000000000000000e+00
1.05535659444746597e-08   -2.28859798446855393e+02   0.00000000000000000e+00
1.05689726100870306e-08   -4.75474791266367959e+02   0.00000000000000000e+00
1.05843792756994031e-08   -4.20192121219363457e+02   0.00000000000000000e+00
1.05997859413117740e-08   -9.22163893816222640e+01   0.00000000000000000e+00
1.06151926069241465e-08   3.02487291642694970e+02   0.00000000000000000e+00
1.06305992725365174e-08   5.10385595675606851e+02   0.00000000000000000e+00
1.06460059381488900e-08   3.93083828584980324e+02   0.00000000000000000e+00
1.06614126037612609e-08   1.92092982022173828e+01   0.00000000000000000e+00
1.06768192693736334e-08   -3.75394454285526194e+02   0.00000000000000000e+00
1.06922259349860043e-08   -5.36316667378050852e+02   0.00000000000000000e+00
1.07076326005983768e-08   -3.54454484024295994e+02   0.00000000000000000e+00
1.07230392662107477e-08   6.03613524249771558e+01   0.00000000000000000e+00
1.07384459318231203e-08   4.45483465681235941e+02   0.00000000000000000e+00
1.07538525974354912e-08   5.51656705568732718e+02   0.00000000000000000e+00
1.07692592630478637e-08   3.04197316554257611e+02   0.00000000000000000e+00
1.07846659286602362e-08   -1.45002438252704621e+02   0.00000000000000000e+00
1.08000725942726071e-08   -5.10567061179357665e+02   0.00000000000000000e+00
1.08154792598849797e-08   -5.54877143732281638e+02   0.00000000000000000e+00
1.08308859254973506e-08   -2.42396552176027797e+02   0.00000000000000000e+00
1.08462925911097231e-08   2.33066473746419490e+02   0.00000000000000000e+00
1.08616992567220940e-08   5.68464021864452661e+02   0.00000000000000000e+00
1.08771059223344665e-08   5.44628049803300655e+02   0.00000000000000000e+00
1.08925125879468374e-08   1.69372472252777982e+02   0.00000000000000000e+00
1.09079192535592100e-08   -3.22781901316538267e+02   0.00000000000000000e+00
1.09233259191715809e-08   -6.17088648121159736e+02   0.00000000000000000e+00
1.09387325847839534e-08   -5.19838852799301890e+02   0.00000000000000000e+00
1.09541392503963243e-08   -8.57403989969908480e+01   0.00000000000000000e+00
1.09695459160086968e-08   4.12264784803774603e+02   0.00000000000000000e+00
1.09849525816210677e-08   6.54523127080842414e+02   0.00000000000000000e+00
1.10003592472334403e-08   4.79809847703504033e+02   0.00000000000000000e+00
1.10157659128458112e-08   -7.52713528515909047e+00   0.00000000000000000e+00
1.10311725784581837e-08   -4.99514513730015040e+02   0.00000000000000000e+00
1.10465792440705563e-08   -6.79066078220738177e+02   0.00000000000000000e+00
1.10619859096829271e-08   -4.24281442632004428e+02   0.00000000000000000e+00
1.10773925752952997e-08   1.09048584817746928e+02   0.00000000000000000e+00
1.10927992409076706e-08   5.82401615996770943e+02   0.00000000000000000e+00
1.11082059065200431e-08   6.89256464981955219e+02   0.00000000000000000e+00
1.11236125721324140e-08   3.53471946325346835e+02   0.00000000000000000e+00
1.11390192377447866e-08   -2.17005395123559310e+02   0.00000000000000000e+00
1.11544259033571574e-08   -6.58659513681078124e+02   0.00000000000000000e+00
1.11698325689695300e-08   -6.83878132255053742e+02   0.00000000000000000e+00
1.11852392345819009e-08   -2.68080561582521796e+02   0.00000000000000000e+00
1.12006459001942734e-08   3.29148110945914709e+02   0.00000000000000000e+00
1.12160525658066443e-08   7.25893043213364990e+02   0.00000000000000000e+00
1.12314592314190169e-08   6.61955019913932233e+02   0.00000000000000000e+00
1.12468658970313877e-08   1.69258861361096365e+02   0.00000000000000000e+00
1.12622725626437603e-08   -4.42841272914623573e+02   0.00000000000000000e+00
1.12776792282561312e-08   -7.81614408620897848e+02   0.00000000000000000e+00
1.12930858938685037e-08   -6.22749411176888884e+02   0.00000000000000000e+00
1.13084925594808763e-08   -5.85598713931673274e+01   0.00000000000000000e+00
1.13238992250932472e-08   5.55144891004415854e+02   0.00000000000000000e+00
1.13393058907056197e-08   8.23312279535760808e+02   0.00000000000000000e+00
1.13547125563179906e-08   5.65774744560227305e+02   0.00000000000000000e+00
1.13701192219303631e-08   -6.21224122083822294e+01   0.00000000000000000e+00
1.13855258875427340e-08   -6.62923615249054592e+02   0.00000000000000000e+00
1.14009325531551066e-08   -8.48552993563340578e+02   0.00000000000000000e+00
1.14163392187674775e-08   -4.90830612441296694e+02   0.00000000000000000e+00
1.14317458843798500e-08   1.90609600085818784e+02   0.00000000000000000e+00
1.14471525499922209e-08   7.62969805971007872e+02   0.00000000000000000e+00
1.14625592156045934e-08   8.55105749108087366e+02   0.00000000000000000e+00
1.14779658812169643e-08   3.98061384155614576e+02   0.00000000000000000e+00
1.14933725468293369e-08   -3.24480760688748830e+02   0.00000000000000000e+00
1.15087792124417077e-08   -8.52124701777149994e+02   0.00000000000000000e+00
1.15241858780540803e-08   -8.41077890775224091e+02   0.00000000000000000e+00
1.15395925436664512e-08   -2.88032798543194417e+02   0.00000000000000000e+00
1.15549992092788237e-08   4.61094121964903820e+02   0.00000000000000000e+00
1.15704058748911963e-08   9.27383318045737497e+02   0.00000000000000000e+00
1.15858125405035672e-08   8.05043271131840697e+02   0.00000000000000000e+00
1.16012192061159397e-08   1.61814516451422378e+02   0.00000000000000000e+00
1.16166258717283106e-08   -5.97590130490726210e+02   0.00000000000000000e+00
1.16320325373406831e-08   -9.85973319398916601e+02   0.00000000000000000e+00
1.16474392029530540e-08   -7.46147030355083871e+02   0.00000000000000000e+00
1.16628458685654266e-08   -2.10525533551568742e+01   0.00000000000000000e+00
1.16782525341777975e-08   7.30884210566949946e+02   0.00000000000000000e+00
1.16936591997901700e-08   1.02540488158115204e+03   0.00000000000000000e+00
1.17090658654025409e-08   6.64174003418229972e+02   0.00000000000000000e+00
1.17244725310149134e-08   -1.31985196375293299e+02   0.00000000000000000e+00
1.17398791966272843e-08   -8.57662636778426304e+02   0.00000000000000000e+00
1.17552858622396569e-08   -1.04349593494290571e+03   0.00000000000000000e+00
1.17706925278520278e-08   -5.59574565045496001e+02   0.00000000000000000e+00
1.17860991934644003e-08   2.94404139845964096e+02   0.00000000000000000e+00
1.18015058590767712e-08   9.74396917741172501e+02   0.00000000000000000e+00
1.18169125246891437e-08   1.03838341266771681e+03   0.00000000000000000e+00
1.18323191903015146e-08   4.33449618723200615e+02   0.00000000000000000e+00
1.18477258559138872e-08   -4.62726481007991424e+02   0.00000000000000000e+00
1.18631325215262597e-08   -1.07739033738525973e+03   0.00000000000000000e+00
1.18785391871386306e-08   -1.00853467209530106e+03   0.00000000000000000e+00
1.18939458527510031e-08   -2.87503844882052363e+02   0.00000000000000000e+00
1.19093525183633740e-08   6.32982528090808842e+02   0.00000000000000000e+00
1.19247591839757466e-08   1.16286501626083555e+03   0.00000000000000000e+00
1.19401658495881175e-08   9.52773158405169397e+02   0.00000000000000000e+00
1.19555725152004900e-08   1.23981522232325005e+02   0.00000000000000000e+00
1.19709791808128609e-08   -8.00841027283682592e+02   0.00000000000000000e+00
1.19863858464252334e-08   -1.22709007958333950e+03   0.00000000000000000e+00
1.20017925120376043e-08   -8.70328506735693622e+02   0.00000000000000000e+00
1.20171991776499769e-08   5.43990314911370660e+01   0.00000000000000000e+00
1.20326058432623478e-08   9.61763140781233346e+02   0.00000000000000000e+00
1.20480125088747203e-08   1.26654291765774110e+03   0.00000000000000000e+00
1.20634191744870912e-08   7.60914392346115051e+02   0.00000000000000000e+00
1.20788258400994637e-08   -2.44498566778165809e+02   0.00000000000000000e+00
1.20942325057118346e-08   -1.11116130327560427e+03   0.00000000000000000e+00
1.21096391713242072e-08   -1.27808802468614363e+03   0.00000000000000000e+00
1.21250458369365797e-08   -6.24829045110840639e+02   0.00000000000000000e+00
1.21404525025489506e-08   4.42789446844093732e+02   0.00000000000000000e+00
1.21558591681613231e-08   1.24454484558380682e+03   0.00000000000000000e+00
1.21712658337736940e-08   1.25915325058765984e+03   0.00000000000000000e+00
1.21866724993860666e-08   4.63065371197728723e+02   0.00000000000000000e+00
1.22020791649984375e-08   -6.45367464368209198e+02   0.00000000000000000e+00
1.22174858306108100e-08   -1.35763887870109829e+03   0.00000000000000000e+00
1.22328924962231809e-08   -1.20788265052862039e+03   0.00000000000000000e+00
1.22482991618355534e-08   -2.77411982538301118e+02   0.00000000000000000e+00
1.22637058274479243e-08   8.47951075924912629e+02   0.00000000000000000e+00
1.22791124930602969e-08   1.44647047255328539e+03   0.00000000000000000e+00
1.22945191586726678e-08   1.12324873846321270e+03   0.00000000000000000e+00
1.23099258242850403e-08   7.05245716261738380e+01   0.00000000000000000e+00
1.23253324898974112e-08   -1.04588285719321175e+03   0.00000000000000000e+00
1.23407391555097837e-08   -1.50742490919703027e+03   0.00000000000000000e+00
1.23561458211221546e-08   -1.00511413808184693e+03   0.00000000000000000e+00
1.23715524867345272e-08   1.54050385639224942e+02   0.00000000000000000e+00
1.23869591523468997e-08   1.23415127925137290e+03   0.00000000000000000e+00
1.24023658179592706e-08   1.53728267225565196e+03   0.00000000000000000e+00
1.24177724835716432e-08   8.54241827017582295e+02   0.00000000000000000e+00
1.24331791491840140e-08   -3.91911029409967455e+02   0.00000000000000000e+00
1.24485858147963866e-08   -1.40744985806477484e+03   0.00000000000000000e+00
1.24639924804087575e-08   -1.53325292325207488e+03   0.00000000000000000e+00
1.24793991460211300e-08   -6.72262327673310551e+02   0.00000000000000000e+00
1.24948058116335009e-08   6.37896731555540441e+02   0.00000000000000000e+00
1.25102124772458735e-08   1.56028533122833778e+03   0.00000000000000000e+00
1.25256191428582443e-08   1.49302017800705380e+03   0.00000000000000000e+00
1.25410258084706169e-08   4.61613204743831375e+02   0.00000000000000000e+00
1.25564324740829878e-08   -8.86237981031100617e+02   0.00000000000000000e+00
1.25718391396953603e-08   -1.68713778196966268e+03   0.00000000000000000e+00
1.25872458053077312e-08   -1.41481733018311752e+03   0.00000000000000000e+00
1.26026524709201038e-08   -2.25469424924814348e+02   0.00000000000000000e+00
1.26180591365324746e-08   1.13074300781582292e+03   0.00000000000000000e+00
1.26334658021448472e-08   1.78266539334638674e+03   0.00000000000000000e+00
1.26488724677572197e-08   1.29753073109376101e+03   0.00000000000000000e+00
1.26642791333695906e-08   -3.23182934828528232e+01   0.00000000000000000e+00
1.26796857989819632e-08   -1.36499945090161373e+03   0.00000000000000000e+00
1.26950924645943341e-08   -1.84193703015762276e+03   0.00000000000000000e+00
1.27104991302067066e-08   -1.14083332516455425e+03   0.00000000000000000e+00
1.27259057958190775e-08   3.07265809530004390e+02   0.00000000000000000e+00
1.27413124614314500e-08   1.58256884332825257e+03   0.00000000000000000e+00
1.27567191270438209e-08   1.86066927905107514e+03   0.00000000000000000e+00
1.27721257926561935e-08   9.45332062002117254e+02   0.00000000000000000e+00
1.27875324582685643e-08   -5.94276102856651050e+02   0.00000000000000000e+00
1.28029391238809369e-08   -1.77715595466887135e+03   0.00000000000000000e+00
1.28183457894933078e-08   -1.83544250092925904e+03   0.00000000000000000e+00
1.28337524551056803e-08   -7.12708271676342974e+02   0.00000000000000000e+00
1.28491591207180512e-08   8.87645434701533077e+02   0.00000000000000000e+00
1.28645657863304238e-08   1.94274315518780395e+03   0.00000000000000000e+00
1.28799724519427946e-08   1.76387345705224448e+03   0.00000000000000000e+00
1.28953791175551672e-08   4.45826286048740258e+02   0.00000000000000000e+00
1.29107857831675397e-08   -1.18107101391011838e+03   0.00000000000000000e+00
1.29261924487799106e-08   -2.07369007601330213e+03   0.00000000000000000e+00
1.29415991143922832e-08   -1.64472960570396890e+03   0.00000000000000000e+00
1.29570057800046541e-08   -1.48787321144322050e+02   0.00000000000000000e+00
1.29724124456170266e-08   1.46768100482380351e+03   0.00000000000000000e+00
1.29878191112293975e-08   2.16480854790838839e+03   0.00000000000000000e+00
1.30032257768417700e-08   1.47798061894787361e+03   0.00000000000000000e+00
1.30186324424541409e-08   -1.73087636885133406e+02   0.00000000000000000e+00
1.30340391080665135e-08   -1.74010772632990370e+03   0.00000000000000000e+00
1.30494457736788844e-08   -2.21142974443947423e+03   0.00000000000000000e+00
1.30648524392912569e-08   -1.26479371453700219e+03   0.00000000000000000e+00
1.30802591049036278e-08   5.13351769719484992e+02   0.00000000000000000e+00
1.30956657705160003e-08   1.99061966545152791e+03   0.00000000000000000e+00
1.31110724361283712e-08   2.20948285056610530e+03   0.00000000000000000e+00
1.31264791017407438e-08   1.00748851835959931e+03   0.00000000000000000e+00
1.31418857673531147e-08   -8.64597067664014730e+02   0.00000000000000000e+00
1.31572924329654872e-08   -2.21131837578292379e+03   0.00000000000000000e+00
1.31726990985778597e-08   -2.15560165994870340e+03   0.00000000000000000e+00
1.31881057641902306e-08   -7.09472237323358968e+02   0.00000000000000000e+00
1.32035124298026032e-08   1.21867268173353887e+03   0.00000000000000000e+00
1.32189190954149741e-08   2.39439440507126983e+03   0.00000000000000000e+00
1.32343257610273466e-08   2.04726774101646629e+03   0.00000000000000000e+00
1.32497324266397175e-08   3.75175697641405804e+02   0.00000000000000000e+00
1.32651390922520900e-08   -1.56693262389320216e+03   0.00000000000000000e+00
1.32805457578644609e-08   -2.53242467687145108e+03   0.00000000000000000e+00
1.32959524234768335e-08   -1.88298783638222039e+03   0.00000000000000000e+00
1.33113590890892044e-08   -1.00052684698200665e+01   0.00000000000000000e+00
1.33267657547015769e-08   1.90048625747434289e+03   0.00000000000000000e+00
1.33421724203139478e-08   2.61868486613788900e+03   0.00000000000000000e+00
1.33575790859263203e-08   1.66249143079384203e+03   0.00000000000000000e+00
1.33729857515386912e-08   -3.79683918894351336e+02   0.00000000000000000e+00
1.33883924171510638e-08   -2.21042852518187192e+03   0.00000000000000000e+00
1.34037990827634347e-08   -2.64744632652282098e+03   0.00000000000000000e+00
1.34192057483758072e-08   -1.38692467784361111e+03   0.00000000000000000e+00
1.34346124139881797e-08   7.86599488352196431e+02   0.00000000000000000e+00
1.34500190796005506e-08   2.48803528157228993e+03   0.00000000000000000e+00
1.34654257452129232e-08   2.61422906111997781e+03   0.00000000000000000e+00
1.34808324108252941e-08   1.05901150542184337e+03   0.00000000000000000e+00
1.34962390764376666e-08   -1.20252462327010812e+03   0.00000000000000000e+00
1.35116457420500375e-08   -2.72492047973007675e+03   0.00000000000000000e+00
1.35270524076624100e-08   -2.51598976927422882e+03   0.00000000000000000e+00
1.35424590732747809e-08   -6.83153198888631096e+02   0.00000000000000000e+00
1.35578657388871535e-08   1.61835565988983603e+03   0.00000000000000000e+00
1.35732724044995244e-08   2.91316361422027512e+03   0.00000000000000000e+00
1.35886790701118969e-08   2.35123555099064652e+03   0.00000000000000000e+00
1.36040857357242678e-08   2.65444274736669286e+02   0.00000000000000000e+00
1.36194924013366403e-08   -2.02418945153474215e+03   0.00000000000000000e+00
1.36348990669490112e-08   -3.04542491497041510e+03   0.00000000000000000e+00
1.36503057325613838e-08   -2.12006685231986694e+03   0.00000000000000000e+00
1.36657123981737547e-08   1.86406182517855996e+02   0.00000000000000000e+00
1.36811190637861272e-08   2.40948079390338853e+03   0.00000000000000000e+00
1.36965257293984998e-08   3.11507001329209197e+03   0.00000000000000000e+00
1.37119323950108706e-08   1.82416474467980856e+03   0.00000000000000000e+00
1.37273390606232432e-08   -6.63244672925808800e+02   0.00000000000000000e+00
1.37427457262356141e-08   -2.76328005360991665e+03   0.00000000000000000e+00
1.37581523918479866e-08   -3.11632393567745112e+03   0.00000000000000000e+00
1.37735590574603575e-08   -1.46674498716817425e+03   0.00000000000000000e+00
1.37889657230727301e-08   1.15471845727549180e+03   0.00000000000000000e+00
1.38043723886851009e-08   3.07454754648960125e+03   0.00000000000000000e+00
1.38197790542974735e-08   3.04446650001748412e+03   0.00000000000000000e+00
1.38351857199098444e-08   1.05250277449628220e+03   0.00000000000000000e+00
1.38505923855222169e-08   -1.64956927003025521e+03   0.00000000000000000e+00
1.38659990511345878e-08   -3.33252705136048462e+03   0.00000000000000000e+00
1.38814057167469604e-08   -2.89606907782711824e+03   0.00000000000000000e+00
1.38968123823593312e-08   -5.87567222062114524e+02   0.00000000000000000e+00
1.39122190479717038e-08   2.13594469087278321e+03   0.00000000000000000e+00
1.39276257135840747e-08   3.52714923594632273e+03   0.00000000000000000e+00
1.39430323791964472e-08   2.66925891651127677e+03   0.00000000000000000e+00
1.39584390448088198e-08   7.94745624334273089e+01   0.00000000000000000e+00
1.39738457104211907e-08   -2.60169852048935309e+03   0.00000000000000000e+00
1.39892523760335632e-08   -3.64942935357241913e+03   0.00000000000000000e+00
1.40046590416459341e-08   -2.36398495984796045e+03   0.00000000000000000e+00
1.40200657072583066e-08   4.62843923896259639e+02   0.00000000000000000e+00
1.40354723728706775e-08   3.03465982198214397e+03   0.00000000000000000e+00
1.40508790384830501e-08   3.69182387957258470e+03   0.00000000000000000e+00
1.40662857040954210e-08   1.98225131471841678e+03   0.00000000000000000e+00
1.40816923697077935e-08   -1.02907593143859867e+03   0.00000000000000000e+00
1.40970990353201644e-08   -3.42286274585731644e+03   0.00000000000000000e+00
1.41125057009325369e-08   -3.64851784439694165e+03   0.00000000000000000e+00
1.41279123665449078e-08   -1.52828322722174380e+03   0.00000000000000000e+00
1.41433190321572804e-08   1.60757009133174506e+03   0.00000000000000000e+00
1.41587256977696512e-08   3.75474289028605062e+03   0.00000000000000000e+00
1.41741323633820238e-08   3.51562699440180086e+03   0.00000000000000000e+00
1.41895390289943947e-08   1.00859627671358339e+03   0.00000000000000000e+00
1.42049456946067672e-08   -2.18543524824806991e+03   0.00000000000000000e+00
1.42203523602191398e-08   -4.01931744677779625e+03   0.00000000000000000e+00
1.42357590258315107e-08   -3.29131384158076889e+03   0.00000000000000000e+00
1.42511656914438832e-08   -4.31951493299307913e+02   0.00000000000000000e+00
1.42665723570562541e-08   2.74872270965484222e+03   0.00000000000000000e+00
1.42819790226686266e-08   4.20637284774926593e+03   0.00000000000000000e+00
1.42973856882809975e-08   2.97583078186841794e+03   0.00000000000000000e+00
1.43127923538933701e-08   -1.90805152693942091e+02   0.00000000000000000e+00
1.43281990195057410e-08   -3.28270669846494320e+03   0.00000000000000000e+00
1.43436056851181135e-08   -4.30668327633628815e+03   0.00000000000000000e+00
1.43590123507304844e-08   -2.57151352621986234e+03   0.00000000000000000e+00
1.43744190163428569e-08   8.47004271404076917e+02   0.00000000000000000e+00
1.43898256819552278e-08   3.77226308272536380e+03   0.00000000000000000e+00
1.44052323475676004e-08   4.31227599006521268e+03   0.00000000000000000e+00
1.44206390131799713e-08   2.08275174118857331e+03   0.00000000000000000e+00
1.44360456787923438e-08   -1.52248786495464265e+03   0.00000000000000000e+00
1.44514523444047147e-08   -4.20232970739923712e+03   0.00000000000000000e+00
1.44668590100170872e-08   -4.21674638321509883e+03   0.00000000000000000e+00
1.44822656756294598e-08   -1.51596013512777517e+03   0.00000000000000000e+00
1.44976723412418307e-08   2.20198254455753204e+03   0.00000000000000000e+00
1.45130790068542032e-08   4.55841693073012539e+03   0.00000000000000000e+00
1.45284856724665741e-08   4.01560988723198443e+03   0.00000000000000000e+00
1.45438923380789466e-08   8.79563059545036140e+02   0.00000000000000000e+00
1.45592990036913175e-08   -2.86947660021927368e+03   0.00000000000000000e+00
1.45747056693036901e-08   -4.82712754645247605e+03   0.00000000000000000e+00
1.45901123349160610e-08   -3.70666277820232062e+03   0.00000000000000000e+00
1.46055190005284335e-08   -1.83991398498714261e+02   0.00000000000000000e+00
1.46209256661408044e-08   3.50857406354000886e+03   0.00000000000000000e+00
1.46363323317531769e-08   4.99664332287003253e+03   0.00000000000000000e+00
1.46517389973655478e-08   3.29031328440737798e+03   0.00000000000000000e+00
1.46671456629779204e-08   -5.58324471679685757e+02   0.00000000000000000e+00
1.46825523285902913e-08   -4.10281211100724249e+03   0.00000000000000000e+00
1.46979589942026638e-08   -5.05714144481824860e+03   0.00000000000000000e+00
1.47133656598150347e-08   -2.76984076454128262e+03   0.00000000000000000e+00
1.47287723254274072e-08   1.33299382902200796e+03   0.00000000000000000e+00
1.47441789910397798e-08   4.63594370310949034e+03   0.00000000000000000e+00
1.47595856566521507e-08   5.00111693758236197e+03   0.00000000000000000e+00
1.47749923222645232e-08   2.15154534642922499e+03   0.00000000000000000e+00
1.47903989878768941e-08   -2.12377080891082187e+03   0.00000000000000000e+00
1.48058056534892666e-08   -5.09220145125922681e+03   0.00000000000000000e+00
1.48212123191016375e-08   -4.82360386085140726e+03   0.00000000000000000e+00
1.48366189847140101e-08   -1.44476263386648634e+03   0.00000000000000000e+00
1.48520256503263810e-08   2.91275737277825783e+03   0.00000000000000000e+00
1.48674323159387535e-08   5.45656780680964766e+03   0.00000000000000000e+00
1.48828389815511244e-08   4.52230492219844382e+03   0.00000000000000000e+00
1.48982456471634969e-08   6.61735525225707988e+02   0.00000000000000000e+00
1.49136523127758678e-08   -3.68072546380169615e+03   0.00000000000000000e+00
1.49290589783882387e-08   -5.71507831635386719e+03   0.00000000000000000e+00
1.49444656440006129e-08   -4.09765231682022204e+03   0.00000000000000000e+00
1.49598723096129838e-08   1.82645777057535270e+02   0.00000000000000000e+00
1.49752789752253547e-08   4.40756326338958661e+03   0.00000000000000000e+00
1.49906856408377289e-08   5.85517811981661180e+03   0.00000000000000000e+00
1.50060923064500998e-08   3.55282899679797356e+03   0.00000000000000000e+00
1.50214989720624707e-08   -1.07120791059400653e+03   0.00000000000000000e+00
1.50369056376748416e-08   -5.07283106232078353e+03   0.00000000000000000e+00
1.50523123032872158e-08   -5.86613824209280028e+03   0.00000000000000000e+00
1.50677189688995867e-08   -2.89377768402594938e+03   0.00000000000000000e+00
1.50831256345119575e-08   1.98492445371937265e+03   0.00000000000000000e+00
1.50985323001243284e-08   5.65639407385980303e+03   0.00000000000000000e+00
1.51139389657367026e-08   5.73952042076803082e+03   0.00000000000000000e+00
1.51293456313490735e-08   2.12921516870879623e+03   0.00000000000000000e+00
1.51447522969614444e-08   -2.90337153703944568e+03   0.00000000000000000e+00
1.51601589625738153e-08   -6.13908650682864027e+03   0.00000000000000000e+00
1.51755656281861895e-08   -5.46966120026017234e+03   0.00000000000000000e+00
1.51909722937985604e-08   -1.27065406866981630e+03   0.00000000000000000e+00
1.52063789594109313e-08   3.80517495185393091e+03   0.00000000000000000e+00
1.52217856250233022e-08   6.50335629238488400e+03   0.00000000000000000e+00
1.52371922906356764e-08   5.05413200077217607e+03   0.00000000000000000e+00
1.52525989562480473e-08   3.32416957613037994e+02   0.00000000000000000e+00
1.52680056218604181e-08   -4.66842823725713697e+03   0.00000000000000000e+00
1.52834122874727923e-08   -6.73384417611112804e+03   0.00000000000000000e+00
1.52988189530851632e-08   -4.49412528556285724e+03   0.00000000000000000e+00
1.53142256186975341e-08   6.68387119199529479e+02   0.00000000000000000e+00
1.53296322843099050e-08   5.47107849505652212e+03   0.00000000000000000e+00
1.53450389499222792e-08   6.81786354380964167e+03   0.00000000000000000e+00
1.53604456155346501e-08   3.79471968356877460e+03   0.00000000000000000e+00
1.53758522811470210e-08   -1.71196235465253631e+03   0.00000000000000000e+00
1.53912589467593919e-08   -6.19129347733994564e+03   0.00000000000000000e+00
1.54066656123717661e-08   -6.74576554057600333e+03   0.00000000000000000e+00
1.54220722779841370e-08   -2.96498881271364144e+03   0.00000000000000000e+00
1.54374789435965078e-08   2.77604053345339389e+03   0.00000000000000000e+00
1.54528856092088787e-08   6.80783558758287199e+03   0.00000000000000000e+00
1.54682922748212529e-08   6.51119366492015524e+03   0.00000000000000000e+00
1.54836989404336238e-08   2.01793736316932791e+03   0.00000000000000000e+00
1.54991056060459947e-08   -3.83623881466374041e+03   0.00000000000000000e+00
1.55145122716583689e-08   -7.30047260869391812e+03   0.00000000000000000e+00
1.55299189372707398e-08   -6.11124858938084890e+03   0.00000000000000000e+00
1.55453256028831107e-08   -9.70269900383492313e+02   0.00000000000000000e+00
1.55607322684954816e-08   4.86657219893096863e+03   0.00000000000000000e+00
1.55761389341078558e-08   7.65044978350350084e+03   0.00000000000000000e+00
1.55915455997202267e-08   5.54659364297029242e+03   0.00000000000000000e+00
1.56069522653325976e-08   -1.57981774657957430e+02   0.00000000000000000e+00
1.56223589309449684e-08   -5.84010992600917689e+03   0.00000000000000000e+00
1.56377655965573426e-08   -7.84103406507853833e+03   0.00000000000000000e+00
1.56531722621697135e-08   -4.82153191219960718e+03   0.00000000000000000e+00
1.56685789277820844e-08   1.34393235676592758e+03   0.00000000000000000e+00
1.56839855933944553e-08   6.72974311229601062e+03   0.00000000000000000e+00
1.56993922590068295e-08   7.85812173878191152e+03   0.00000000000000000e+00
1.57147989246192004e-08   3.94407712511738009e+03   0.00000000000000000e+00
1.57302055902315713e-08   -2.56237192763235635e+03   0.00000000000000000e+00
1.57456122558439422e-08   -7.50901376161145163e+03   0.00000000000000000e+00
1.57610189214563164e-08   -7.69087949278529595e+03   0.00000000000000000e+00
1.57764255870686873e-08   -2.92602444138620649e+03   0.00000000000000000e+00
1.57918322526810582e-08   3.78630848939757288e+03   0.00000000000000000e+00
1.58072389182934324e-08   8.15294661036026446e+03   0.00000000000000000e+00
1.58226455839058032e-08   7.33237121238625423e+03   0.00000000000000000e+00
1.58380522495181741e-08   1.78300783976558614e+03   0.00000000000000000e+00
1.58534589151305450e-08   -4.98749579969046135e+03   0.00000000000000000e+00
1.58688655807429192e-08   -8.63882702497719401e+03   0.00000000000000000e+00
1.58842722463552901e-08   -6.78011256591378788e+03   0.00000000000000000e+00
1.58996789119676610e-08   -5.34512775559315742e+02   0.00000000000000000e+00
1.59150855775800319e-08   6.13693681105010455e+03   0.00000000000000000e+00
1.59304922431924061e-08   8.94687997545214603e+03   0.00000000000000000e+00
1.59458989088047770e-08   6.03649554229765363e+03   0.00000000000000000e+00
1.59613055744171479e-08   -7.96199170759434310e+02   0.00000000000000000e+00
1.59767122400295188e-08   -7.20537249377326498e+03   0.00000000000000000e+00
1.59921189056418929e-08   -9.06082431576547788e+03   0.00000000000000000e+00
1.60075255712542638e-08   -5.10903596789446055e+03   0.00000000000000000e+00
1.60229322368666347e-08   2.18229939926561292e+03   0.00000000000000000e+00
1.60383389024790056e-08   8.16378120140714327e+03   0.00000000000000000e+00
1.60537455680913798e-08   8.96829885424404711e+03   0.00000000000000000e+00
1.60691522337037507e-08   4.01041674718459126e+03   0.00000000000000000e+00
1.60845588993161216e-08   -3.59377253158741223e+03   0.00000000000000000e+00
1.60999655649284958e-08   -8.98392094550596266e+03   0.00000000000000000e+00
1.61153722305408667e-08   -8.66117689885935579e+03   0.00000000000000000e+00
1.61307788961532376e-08   -2.75832419005445990e+03   0.00000000000000000e+00
1.61461855617656085e-08   4.99798707338675467e+03   0.00000000000000000e+00
1.61615922273779827e-08   9.63894373245156385e+03   0.00000000000000000e+00
1.61769988929903535e-08   8.13579944304996570e+03   0.00000000000000000e+00
1.61924055586027244e-08   1.37509919045654897e+03   0.00000000000000000e+00
1.62078122242150953e-08   -6.36045133081119093e+03   0.00000000000000000e+00
1.62232188898274695e-08   -1.01040976392229495e+04   0.00000000000000000e+00
1.62386255554398404e-08   -7.39316076331305612e+03   0.00000000000000000e+00
1.62540322210522113e-08   1.12755933995154010e+02   0.00000000000000000e+00
1.62694388866645822e-08   7.64572353580956587e+03   0.00000000000000000e+00
1.62848455522769564e-08   1.03575111704449810e+04   0.00000000000000000e+00
1.63002522178893273e-08   6.43907306425376737e+03   0.00000000000000000e+00
1.63156588835016982e-08   -1.67516443204185089e+03   0.00000000000000000e+00
1.63310655491140724e-08   -8.81842324682633625e+03   0.00000000000000000e+00
1.63464722147264433e-08   -1.03810301651181326e+04   0.00000000000000000e+00
1.63618788803388141e-08   -5.28432060915746024e+03   0.00000000000000000e+00
1.63772855459511850e-08   3.27910696781543902e+03   0.00000000000000000e+00
1.63926922115635592e-08   9.84427785946999211e+03   0.00000000000000000e+00
1.64080988771759301e-08   1.01610555567260562e+04   0.00000000000000000e+00
1.64235055427883010e-08   3.94479241352324971e+03   0.00000000000000000e+00
1.64389122084006719e-08   -4.88926145739650019e+03   0.00000000000000000e+00
1.64543188740130461e-08   -1.06911363243206688e+04   0.00000000000000000e+00
1.64697255396254170e-08   -9.68931578447342508e+03   0.00000000000000000e+00
1.64851322052377879e-08   -2.44156132514240835e+03   0.00000000000000000e+00
1.65005388708501588e-08   6.46863353455147899e+03   0.00000000000000000e+00
1.65159455364625330e-08   1.13298922460258655e+04   0.00000000000000000e+00
1.65313522020749039e-08   8.96350426392488953e+03   0.00000000000000000e+00
1.65467588676872747e-08   8.00861617822026346e+02   0.00000000000000000e+00
1.65621655332996456e-08   -7.97918227924779148e+03   0.00000000000000000e+00
1.65775721989120198e-08   -1.17352781054680108e+04   0.00000000000000000e+00
1.65929788645243907e-08   -7.98772133740693062e+03   0.00000000000000000e+00
1.66083855301367616e-08   9.46088545949052786e+02   0.00000000000000000e+00
1.66237921957491358e-08   9.38246469874763170e+03   0.00000000000000000e+00
1.66391988613615067e-08   1.18865169182931440e+04   0.00000000000000000e+00
1.66546055269738776e-08   6.77268009325768526e+03   0.00000000000000000e+00
1.66700121925862485e-08   -2.76346703916108800e+03   0.00000000000000000e+00
1.66854188581986227e-08   -1.06403331729123220e+04   0.00000000000000000e+00
1.67008255238109936e-08   -1.17678415595203405e+04   0.00000000000000000e+00
1.67162321894233644e-08   -5.33566245494287614e+03   0.00000000000000000e+00
1.67316388550357353e-08   4.61145926653493734e+03   0.00000000000000000e+00
1.67470455206481095e-08   1.17157194655664935e+04   0.00000000000000000e+00
1.67624521862604804e-08   1.13689096987707799e+04   0.00000000000000000e+00
1.67778588518728513e-08   3.70024044994427823e+03   0.00000000000000000e+00
1.67932655174852222e-08   -6.44710383361080676e+03   0.00000000000000000e+00
1.68086721830975964e-08   -1.25735263653226393e+04   0.00000000000000000e+00
1.68240788487099673e-08   -1.06851496583758708e+04   0.00000000000000000e+00
1.68394855143223382e-08   -1.89580162618681607e+03   0.00000000000000000e+00
1.68548921799347124e-08   8.22534509979189716e+03   0.00000000000000000e+00
1.68702988455470833e-08   1.31816257727710035e+04   0.00000000000000000e+00
1.68857055111594542e-08   9.71806777765742663e+03   0.00000000000000000e+00
1.69011121767718250e-08   -4.30678070090871188e+01   0.00000000000000000e+00
1.69165188423841992e-08   -9.90023824834881634e+03   0.00000000000000000e+00
1.69319255079965701e-08   -1.35119347057635987e+04   0.00000000000000000e+00
1.69473321736089410e-08   -8.47553215115060812e+03   0.00000000000000000e+00
1.69627388392213119e-08   2.07728625911213749e+03   0.00000000000000000e+00
1.69781455048336861e-08   1.14262338932882558e+04   0.00000000000000000e+00
1.69935521704460570e-08   1.35415142560485656e+04   0.00000000000000000e+00
1.70089588360584279e-08   6.97202468866091749e+03   0.00000000000000000e+00
1.70243655016707988e-08   -4.16402072609912375e+03   0.00000000000000000e+00
1.70397721672831730e-08   -1.27594629874322745e+04   0.00000000000000000e+00
1.70551788328955439e-08   -1.32536170585836298e+04   0.00000000000000000e+00
1.70705854985079148e-08   -5.22882896317562154e+03   0.00000000000000000e+00
1.70859921641202856e-08   6.25744541216323705e+03   0.00000000000000000e+00
1.71013988297326598e-08   1.38589501058104470e+04   0.00000000000000000e+00
1.71168054953450307e-08   1.26386010541729083e+04   0.00000000000000000e+00
1.71322121609574016e-08   3.27410150723685547e+03   0.00000000000000000e+00
1.71476188265697758e-08   -8.30951314518191248e+03   0.00000000000000000e+00
1.71630254921821467e-08   -1.46877022487671438e+04   0.00000000000000000e+00
1.71784321577945176e-08   -1.16946335079197434e+04   0.00000000000000000e+00
1.71938388234068885e-08   -1.14276448856080424e+03   0.00000000000000000e+00
1.72092454890192627e-08   1.02707601201076541e+04   0.00000000000000000e+00
1.72246521546316336e-08   1.52136466806954886e+04   0.00000000000000000e+00
1.72400588202440045e-08   1.04281286257810862e+04   0.00000000000000000e+00
1.72554654858563754e-08   -1.12383867821265812e+03   0.00000000000000000e+00
1.72708721514687496e-08   -1.20911791557728702e+04   0.00000000000000000e+00
1.72862788170811204e-08   -1.54104188565181139e+04   0.00000000000000000e+00
1.73016854826934913e-08   -8.85389098945650039e+03   0.00000000000000000e+00
1.73170921483058622e-08   3.47856590739107378e+03   0.00000000000000000e+00
1.73324988139182364e-08   1.37211992854410455e+04   0.00000000000000000e+00
1.73479054795306073e-08   1.52580237610073636e+04   0.00000000000000000e+00
1.73633121451429782e-08   6.99496954790253949e+03   0.00000000000000000e+00
1.73787188107553524e-08   -5.86939008997220481e+03   0.00000000000000000e+00
1.73941254763677233e-08   -1.51127985834507181e+04   0.00000000000000000e+00
1.74095321419800942e-08   -1.47434057603100246e+04   0.00000000000000000e+00
1.74249388075924651e-08   -4.88225633594506508e+03   0.00000000000000000e+00
1.74403454732048393e-08   8.24058287731994460e+03   0.00000000000000000e+00
1.74557521388172101e-08   1.62207542996323391e+04   0.00000000000000000e+00
1.74711588044295810e-08   1.38609605392059584e+04   0.00000000000000000e+00
1.74865654700419519e-08   2.55388436110377370e+03   0.00000000000000000e+00
1.75019721356543261e-08   -1.05341150220764594e+04   0.00000000000000000e+00
1.75173788012666970e-08   -1.70040041625701269e+04   0.00000000000000000e+00
1.75327854668790679e-08   -1.26130082111800566e+04   0.00000000000000000e+00
1.75481921324914388e-08   -5.44861851534678863e+01   0.00000000000000000e+00
1.75635987981038130e-08   1.26911949076919827e+04   0.00000000000000000e+00
1.75790054637161839e-08   1.74270615879690777e+04   0.00000000000000000e+00
1.75944121293285548e-08   1.10102227176976176e+04   0.00000000000000000e+00
1.76098187949409257e-08   -2.56563238553092742e+03   0.00000000000000000e+00
1.76252254605532999e-08   -1.46538550358888806e+04   0.00000000000000000e+00
1.76406321261656707e-08   -1.74614024576824013e+04   0.00000000000000000e+00
1.76560387917780416e-08   -9.07198506049764001e+03   0.00000000000000000e+00
1.76714454573904158e-08   5.25136811362738808e+03   0.00000000000000000e+00
1.76868521230027867e-08   1.63664995968507192e+04   0.00000000000000000e+00
1.77022587886151576e-08   1.70867280061788115e+04   0.00000000000000000e+00
1.77176654542275285e-08   6.82660371800529902e+03   0.00000000000000000e+00
1.77330721198399027e-08   -7.94373609291226239e+03   0.00000000000000000e+00
1.77484787854522736e-08   -1.77773437526907255e+04   0.00000000000000000e+00
1.77638854510646445e-08   -1.62920105971664343e+04   0.00000000000000000e+00
1.77792921166770154e-08   -4.31133127083936233e+03   0.00000000000000000e+00
1.77946987822893896e-08   1.05808417382178122e+04   0.00000000000000000e+00
1.78101054479017605e-08   1.88397026839646860e+04   0.00000000000000000e+00
1.78255121135141313e-08   1.50762469268668574e+04   0.00000000000000000e+00
1.78409187791265022e-08   1.57210627219742128e+03   0.00000000000000000e+00
1.78563254447388764e-08   -1.30989441806036430e+04   0.00000000000000000e+00
1.78717321103512473e-08   -1.95131192956032755e+04   0.00000000000000000e+00
1.78871387759636182e-08   -1.34488731778035726e+04   0.00000000000000000e+00
1.79025454415759924e-08   1.33703489491489199e+03   0.00000000000000000e+00
1.79179521071883633e-08   1.54336527462361846e+04   0.00000000000000000e+00
1.79333587728007342e-08   1.97643464751386091e+04   0.00000000000000000e+00
1.79487654384131051e-08   1.14298328572659211e+04   0.00000000000000000e+00
1.79641721040254793e-08   -4.35490219054139379e+03   0.00000000000000000e+00
1.79795787696378502e-08   -1.75212896420874131e+04   0.00000000000000000e+00
1.79949854352502211e-08   -1.95682165446720064e+04   0.00000000000000000e+00
1.80103921008625919e-08   -9.04932305381473452e+03   0.00000000000000000e+00
1.80257987664749661e-08   7.41444064914400042e+03   0.00000000000000000e+00
1.80412054320873370e-08   1.93004292014911116e+04   0.00000000000000000e+00
1.80566120976997079e-08   1.89084330343183246e+04   0.00000000000000000e+00
1.80720187633120788e-08   6.34727144327915448e+03   0.00000000000000000e+00
1.80874254289244530e-08   -1.04443137573414751e+04   0.00000000000000000e+00
1.81028320945368239e-08   -2.07135913124647341e+04   0.00000000000000000e+00
1.81182387601491948e-08   -1.77783074836280575e+04   0.00000000000000000e+00
1.81336454257615657e-08   -3.37260927236182033e+03   0.00000000000000000e+00
1.81490520913739399e-08   1.33706998702867495e+04   0.00000000000000000e+00
1.81644587569863108e-08   2.17090307495773268e+04   0.00000000000000000e+00
1.81798654225986816e-08   1.61814396006670977e+04   0.00000000000000000e+00
1.81952720882110558e-08   1.82402577198421568e+02   0.00000000000000000e+00
1.82106787538234267e-08   -1.61192014724189467e+04   0.00000000000000000e+00
1.82260854194357976e-08   -2.22425328919432432e+04   0.00000000000000000e+00
1.82414920850481685e-08   -1.41323087255357805e+04   0.00000000000000000e+00
1.82568987506605427e-08   3.15911342795627024e+03   0.00000000000000000e+00
1.82723054162729136e-08   1.86167651747984128e+04   0.00000000000000000e+00
1.82877120818852845e-08   2.22791068553505138e+04   0.00000000000000000e+00
1.83031187474976554e-08   1.16567157949727080e+04   0.00000000000000000e+00
1.83185254131100296e-08   -6.58157862295806626e+03   0.00000000000000000e+00
1.83339320787224005e-08   -2.07935250082871789e+04   0.00000000000000000e+00
1.83493387443347714e-08   -2.17944641560653617e+04   0.00000000000000000e+00
1.83647454099471422e-08   -8.79199548389416486e+03   0.00000000000000000e+00
1.83801520755595164e-08   1.00096417382961972e+04   0.00000000000000000e+00
1.83955587411718873e-08   2.25845090357236222e+04   0.00000000000000000e+00
1.84109654067842582e-08   2.07761859174772617e+04   0.00000000000000000e+00
1.84263720723966324e-08   5.58691369693137312e+03   0.00000000000000000e+00
1.84417787380090033e-08   -1.33642177484991080e+04   0.00000000000000000e+00
1.84571854036213742e-08   -2.39311829041900164e+04   0.00000000000000000e+00
1.84725920692337451e-08   -1.92245117223495836e+04   0.00000000000000000e+00
1.84879987348461193e-08   -2.10117868544609883e+03   0.00000000000000000e+00
1.85034054004584902e-08   1.65639139925637865e+04   0.00000000000000000e+00
1.85188120660708611e-08   2.47828356395256851e+04   0.00000000000000000e+00
1.85342187316832320e-08   1.71527225421679068e+04   0.00000000000000000e+00
1.85496253972956062e-08   -1.59547653300819002e+03   0.00000000000000000e+00
1.85650320629079770e-08   -1.95266646961958322e+04   0.00000000000000000e+00
1.85804387285203479e-08   -2.50978351509101958e+04   0.00000000000000000e+00
1.85958453941327188e-08   -1.45871307154852329e+04   0.00000000000000000e+00
1.86112520597450930e-08   5.42464208938363299e+03   0.00000000000000000e+00
1.86266587253574639e-08   2.21715916137571512e+04   0.00000000000000000e+00
1.86420653909698348e-08   2.48447881914322788e+04   0.00000000000000000e+00
1.86574720565822057e-08   1.15667233983684164e+04   0.00000000000000000e+00
1.86728787221945799e-08   -9.30096685934667039e+03   0.00000000000000000e+00
1.86882853878069508e-08   -2.44210737517516645e+04   0.00000000000000000e+00
1.87036920534193217e-08   -2.40036300617135639e+04   0.00000000000000000e+00
1.87190987190316959e-08   -8.14252558319929085e+03   0.00000000000000000e+00
1.87345053846440667e-08   1.31341998714940273e+04   0.00000000000000000e+00
1.87499120502564376e-08   2.62029685091016581e+04   0.00000000000000000e+00
1.87653187158688085e-08   2.25666453310614452e+04   0.00000000000000000e+00
1.87807253814811827e-08   4.37675115393360102e+03   0.00000000000000000e+00
1.87961320470935536e-08   -1.68314292429123998e+04   0.00000000000000000e+00
1.88115387127059245e-08   -2.74528886902048980e+04   0.00000000000000000e+00
1.88269453783182954e-08   -2.05393880877455667e+04   0.00000000000000000e+00
1.88423520439306696e-08   -3.41796013840619707e+02   0.00000000000000000e+00
1.88577587095430405e-08   2.02994017639429803e+04   0.00000000000000000e+00
1.88731653751554114e-08   2.81164130994617335e+04   0.00000000000000000e+00
1.88885720407677823e-08   1.79414368806518978e+04   0.00000000000000000e+00
1.89039787063801565e-08   -3.88089945160768184e+03   0.00000000000000000e+00
1.89193853719925273e-08   -2.34468166139717141e+04   0.00000000000000000e+00
1.89347920376048982e-08   -2.81510990469007302e+04   0.00000000000000000e+00
1.89501987032172724e-08   -1.48068942665732720e+04   0.00000000000000000e+00
1.89656053688296433e-08   8.20212297311560542e+03   0.00000000000000000e+00
1.89810120344420142e-08   2.61865129358658342e+04   0.00000000000000000e+00
1.89964187000543851e-08   2.75281757039155527e+04   0.00000000000000000e+00
1.90118253656667593e-08   1.11845309397524306e+04   0.00000000000000000e+00
1.90272320312791302e-08   -1.25263302350777030e+04   0.00000000000000000e+00
1.90426386968915011e-08   -2.84375065077021063e+04   0.00000000000000000e+00
1.90580453625038720e-08   -2.62338261768126358e+04   0.00000000000000000e+00
1.90734520281162462e-08   -7.13748381137955948e+03   0.00000000000000000e+00
1.90888586937286171e-08   1.67532999874897687e+04   0.00000000000000000e+00
1.91042653593409879e-08   3.01268668281211358e+04   0.00000000000000000e+00
1.91196720249533588e-08   2.42700077483436435e+04   0.00000000000000000e+00
1.91350786905657330e-08   2.74244593398254074e+03   0.00000000000000000e+00
1.91504853561781039e-08   -2.07800509765213319e+04   0.00000000000000000e+00
1.91658920217904748e-08   -3.11914537810197580e+04   0.00000000000000000e+00
1.91812986874028457e-08   -2.16548055242321643e+04   0.00000000000000000e+00
1.91967053530152199e-08   1.91167065314548017e+03   0.00000000000000000e+00
1.92121120186275908e-08   2.45030469400161710e+04   0.00000000000000000e+00
1.92275186842399617e-08   3.15795458172457365e+04   0.00000000000000000e+00
1.92429253498523359e-08   1.84223553522784423e+04   0.00000000000000000e+00
1.92583320154647068e-08   -6.72556811588709024e+03   0.00000000000000000e+00
1.92737386810770777e-08   -2.78206797763004761e+04   0.00000000000000000e+00
1.92891453466894485e-08   -3.12523860160202094e+04   0.00000000000000000e+00
1.93045520123018227e-08   -1.46223992005126747e+04   0.00000000000000000e+00
1.93199586779141936e-08   1.15918138235149672e+04   0.00000000000000000e+00
1.93353653435265645e-08   3.06359758602331749e+04   0.00000000000000000e+00
1.93507720091389354e-08   3.01856496172110456e+04   0.00000000000000000e+00
1.93661786747513096e-08   1.03195451164196165e+04   0.00000000000000000e+00
1.93815853403636805e-08   -1.63973956395754794e+04   0.00000000000000000e+00
1.93969920059760514e-08   -3.28594256137713091e+04   0.00000000000000000e+00
1.94123986715884223e-08   -2.83708020528296984e+04   0.00000000000000000e+00
1.94278053372007965e-08   -5.59229365754607352e+03   0.00000000000000000e+00
1.94432120028131674e-08   2.10264512535922258e+04   0.00000000000000000e+00
1.94586186684255382e-08   3.44118014782236496e+04   0.00000000000000000e+00
1.94740253340379124e-08   2.58162786601170083e+04   0.00000000000000000e+00
1.94894319996502833e-08   5.31867027031625184e+02   0.00000000000000000e+00
1.95048386652626542e-08   -2.53630457166498745e+04   0.00000000000000000e+00
1.95202453308750251e-08   -3.52268122142885986e+04   0.00000000000000000e+00
1.95356519964873993e-08   -2.25483858420750912e+04   0.00000000000000000e+00
1.95510586620997702e-08   4.75915646769395971e+03   0.00000000000000000e+00
1.95664653277121411e-08   2.92938948509448855e+04   0.00000000000000000e+00
1.95818719933245120e-08   3.52534461828588974e+04   0.00000000000000000e+00
1.95972786589368862e-08   1.86118071502122693e+04   0.00000000000000000e+00
1.96126853245492571e-08   -1.01684320767718309e+04   0.00000000000000000e+00
1.96280919901616280e-08   -3.27109684884595481e+04   0.00000000000000000e+00
1.96434986557739988e-08   -3.44578824910374315e+04   0.00000000000000000e+00
1.96589053213863730e-08   -1.40696022359219714e+04   0.00000000000000000e+00
1.96743119869987439e-08   1.55757129732659887e+04   0.00000000000000000e+00
1.96897186526111148e-08   3.55139473905507475e+04   0.00000000000000000e+00
1.97051253182234857e-08   3.28248915401546838e+04   0.00000000000000000e+00
1.97205319838358599e-08   9.00261304161974476e+03   0.00000000000000000e+00
1.97359386494482308e-08   -2.08550430976869538e+04   0.00000000000000000e+00
1.97513453150606017e-08   -3.76125412716197461e+04   0.00000000000000000e+00
1.97667519806729759e-08   -3.03586969333994894e+04   0.00000000000000000e+00
1.97821586462853468e-08   -3.50823632213435485e+03   0.00000000000000000e+00
1.97975653118977177e-08   2.58773145372028448e+04   0.00000000000000000e+00
1.98129719775100886e-08   3.89286941869383445e+04   0.00000000000000000e+00
1.98283786431224628e-08   2.70833185753599173e+04   0.00000000000000000e+00
1.98437853087348336e-08   -2.30142320764386386e+03   0.00000000000000000e+00
1.98591919743472045e-08   -3.05131887677585728e+04   0.00000000000000000e+00
1.98745986399595754e-08   -3.93987027549268823e+04   0.00000000000000000e+00
1.98900053055719496e-08   -2.30424524681610164e+04   0.00000000000000000e+00
1.99054119711843205e-08   8.30194940788355962e+03   0.00000000000000000e+00
1.99208186367966914e-08   3.46363318420599753e+04   0.00000000000000000e+00
1.99362253024090623e-08   3.89752521085322878e+04   0.00000000000000000e+00
1.99516319680214365e-08   1.82989593911470583e+04   0.00000000000000000e+00
1.99670386336338074e-08   -1.43594461768358742e+04   0.00000000000000000e+00
1.99824452992461783e-08   -3.81268615654068562e+04   0.00000000000000000e+00
1.99978519648585525e-08   -3.76293388294000833e+04   0.00000000000000000e+00
