t              pw-in-box.fdtd_inbox_Ex_3_3_3.dat       incid
0.00000000000000000e+00   0.00000000000000000e+00   0.00000000000000000e+00
1.54066656123717649e-11   0.00000000000000000e+00   0.00000000000000000e+00
3.08133312247435298e-11   0.00000000000000000e+00   0.00000000000000000e+00
4.62199968371152915e-11   0.00000000000000000e+00   0.00000000000000000e+00
6.16266624494870596e-11   0.00000000000000000e+00   0.00000000000000000e+00
7.70333280618588278e-11   9.24278496418889569e-51   1.09716735059314882e-43
9.24399936742305830e-11   6.59052003300937432e-45   5.61140231785761613e-43
1.07846659286602351e-10   5.56103127411025324e-44   2.83110933645421353e-42
1.23253324898974119e-10   3.14226417965440533e-43   1.40914019303419746e-41
1.38659990511345887e-10   1.59315670871954395e-42   6.91933993806178162e-41
1.54066656123717656e-10   7.89922754596027344e-42   3.35168118850911043e-40
1.69473321736089424e-10   3.88050805584435394e-41   1.60166856163276602e-39
1.84879987348461166e-10   1.88290762339696394e-40   7.55083639253673841e-39
2.00286652960832934e-10   9.01124474078650244e-40   3.51160681771856092e-38
2.15693318573204702e-10   4.25370659325173687e-39   1.61112123292909263e-37
2.31099984185576470e-10   1.98089551394649321e-38   7.29226740672894608e-37
2.46506649797948239e-10   9.10100944270151241e-38   3.25601342531513052e-36
2.61913315410320007e-10   4.12534919823563985e-37   1.43423696963601341e-35
2.77319981022691775e-10   1.84492851185077917e-36   6.23257113430825285e-35
2.92726646635063543e-10   8.14023903323457246e-36   2.67179794860595058e-34
3.08133312247435311e-10   3.54353355695818408e-35   1.12992788384508413e-33
3.23539977859807079e-10   1.52188712312235870e-34   4.71421119334770800e-33
3.38946643472178847e-10   6.44863000166503715e-34   1.94025208574858307e-32
3.54353309084550615e-10   2.69584142761505419e-33   7.87803055335909959e-32
3.69759974696922332e-10   1.11190457547712971e-32   3.15564367444682977e-31
3.85166640309294100e-10   4.52460154819061906e-32   1.24695226274334709e-30
4.00573305921665868e-10   1.81649858655804026e-31   4.86095630261197218e-30
4.15979971534037636e-10   7.19508178418708010e-31   1.86940764382941682e-29
4.31386637146409404e-10   2.81174779549182123e-30   7.09216152354826389e-29
4.46793302758781173e-10   1.08407355384970891e-29   2.65437876745141291e-28
4.62199968371152941e-10   4.12369517224820473e-29   9.80070241904645614e-28
4.77606633983524761e-10   1.54758453292352804e-28   3.56980530233634405e-27
4.93013299595896477e-10   5.73011852616628181e-28   1.28274755039464340e-26
5.08419965208268193e-10   2.09323264049115254e-27   4.54723630980053875e-26
5.23826630820640013e-10   7.54416519595645753e-27   1.59018467690940782e-25
5.39233296433011730e-10   2.68253661085695061e-26   5.48601025008682594e-25
5.54639962045383550e-10   9.41073998126603606e-26   1.86713181016066117e-24
5.70046627657755266e-10   3.25717525836761024e-25   6.26884771626080020e-24
5.85453293270127086e-10   1.11223950326533997e-24   2.07639109155118658e-23
6.00859958882498802e-10   3.74712172179101908e-24   6.78483928175181119e-23
6.16266624494870622e-10   1.24547656207061764e-23   2.18708165392280287e-22
6.31673290107242339e-10   4.08424531593536115e-23   6.95502700567923745e-22
6.47079955719614158e-10   1.32138270160338148e-22   2.18193236252974882e-21
6.62486621331985875e-10   4.21776364418113453e-22   6.75273018033115447e-21
6.77893286944357695e-10   1.32822773918439569e-21   2.06170064056202310e-20
6.93299952556729411e-10   4.12668313005682513e-21   6.20983607029205452e-20
7.08706618169101231e-10   1.26492414735472176e-20   1.84514677311812504e-19
7.24113283781472947e-10   3.82527011632195902e-20   5.40865789447400184e-19
7.39519949393844664e-10   1.14128759177257838e-19   1.56406976265478970e-18
7.54926615006216484e-10   3.35938743191276272e-19   4.46189720868117015e-18
7.70333280618588200e-10   9.75564905273288004e-19   1.25571343465627869e-17
7.85739946230960020e-10   2.79501335282435534e-18   3.48633597393271384e-17
8.01146611843331736e-10   7.90023324610593923e-18   9.54872367444553078e-17
8.16553277455703556e-10   2.20304238005153412e-17   2.58005337387935827e-16
8.31959943068075273e-10   6.06083773566904586e-17   6.87732403057031741e-16
8.47366608680447093e-10   1.64499990369983912e-16   1.80845710541132305e-15
8.62773274292818809e-10   4.40474287984557322e-16   4.69141618148603716e-15
8.78179939905190629e-10   1.16357920398558977e-15   1.20062358210676270e-14
8.93586605517562345e-10   3.03241263473846838e-15   3.03115552858018668e-14
9.08993271129934165e-10   7.79641530684784340e-15   7.54946809456069284e-14
9.24399936742305882e-10   1.97749009027690613e-14   1.85494648301875355e-13
9.39806602354677598e-10   4.94814115855591052e-14   4.49619719925585356e-13
9.55213267967049521e-10   1.22144729275123531e-13   1.07514209989763357e-12
9.70619933579421238e-10   2.97446949322072442e-13   2.53625567590932339e-12
9.86026599191792954e-10   7.14564341158964794e-13   5.90227720662825375e-12
1.00143326480416467e-09   1.69342306672379567e-12   1.35504121078381307e-11
1.01683993041653639e-09   3.95892897402446627e-12   3.06896412848569298e-11
1.03224659602890831e-09   9.13001899448100545e-12   6.85694990353437898e-11
1.04765326164128003e-09   2.07702162749474863e-11   1.51138901205466740e-10
1.06305992725365174e-09   4.66100490896341478e-11   3.28645526537984738e-10
1.07846659286602346e-09   1.03176083463704236e-10   7.04984343543994824e-10
1.09387325847839538e-09   2.25284224988875531e-10   1.49189115422829382e-09
1.10927992409076710e-09   4.85205728763661555e-10   3.11458918083088903e-09
1.12468658970313882e-09   1.03075012695841133e-09   6.41453367828457261e-09
1.14009325531551053e-09   2.15973892216576313e-09   1.30327222193909556e-08
1.15549992092788246e-09   4.46330736755313444e-09   2.61222720935377537e-08
1.17090658654025417e-09   9.09713974225271841e-09   5.16520816610113972e-08
1.18631325215262589e-09   1.82864224507546325e-08   1.00755847416598021e-07
1.20171991776499760e-09   3.62501862934737387e-08   1.93891271924391198e-07
1.21712658337736953e-09   7.08644036515738192e-08   3.68084635930523108e-07
1.23253324898974124e-09   1.36602524778507018e-07   6.89354321931493587e-07
1.24793991460211296e-09   2.59642479989573088e-07   1.27362830742794122e-06
1.26334658021448468e-09   4.86574045423917442e-07   2.32137163313952605e-06
1.27875324582685639e-09   8.98967841611692690e-07   4.17399444652469514e-06
1.29415991143922832e-09   1.63728040271639700e-06   7.40396367065030308e-06
1.30956657705160003e-09   2.93928449154124021e-06   1.29562338462688947e-05
1.32497324266397175e-09   5.20055533150185906e-06   2.23665166456188094e-05
1.34037990827634347e-09   9.06755955253786935e-06   3.80910538089911967e-05
1.35578657388871539e-09   1.55775119958349872e-05   6.39955837105950497e-05
1.37119323950108711e-09   2.63631518829689345e-05   1.06067408846687584e-04
1.38659990511345882e-09   4.39441740125446197e-05   1.73427845607314156e-04
1.40200657072583054e-09   7.21288575415775951e-05   2.79742436533249143e-04
1.41741323633820246e-09   1.16547479981533435e-04   4.45146217952596180e-04
1.43281990195057418e-09   1.85329688697064140e-04   6.98798240982663335e-04
1.44822656756294589e-09   2.89916163496472851e-04   1.08219076536519442e-03
1.46363323317531761e-09   4.45955156227466126e-04   1.65333377468176198e-03
1.47903989878768933e-09   6.74168262097865276e-04   2.49185007929977626e-03
1.49444656440006125e-09   1.00096873967259669e-03   3.70498467511731940e-03
1.50985323001243297e-09   1.45847538531574685e-03   5.43444889359435274e-03
1.52525989562480468e-09   2.08337884236171802e-03   7.86374005448747283e-03
1.54066656123717640e-09   2.91388831748691426e-03   1.12255112672611929e-02
1.55607322684954832e-09   3.98373624913318184e-03   1.58083885425666613e-02
1.57147989246192004e-09   5.31196898550616824e-03   2.19620826092574231e-02
1.58688655807429176e-09   6.88705277382982341e-03   3.00997553840425189e-02
1.60229322368666347e-09   8.64376244986173915e-03   4.06964770590355421e-02
1.61769988929903540e-09   1.04314668135798132e-02   5.42818980816968805e-02
1.63310655491140711e-09   1.19728796263399231e-02   7.14260977994066737e-02
1.64851322052377883e-09   1.28132295829188319e-02   9.27178070176399582e-02
1.66391988613615055e-09   1.22611407120649923e-02   1.18733607273581024e-01
1.67932655174852247e-09   9.32430289400716997e-03   1.49998875715065733e-01
1.69473321736089419e-09   2.64519697275544027e-03   1.86941880848036146e-01
1.71013988297326590e-09   -9.55556756228108373e-03   2.29842021218420872e-01
1.72554654858563762e-09   -2.95187083060329362e-02   2.78776528453247241e-01
1.74095321419800933e-09   -5.99575562560780151e-02   3.33570154486504677e-01
1.75635987981038126e-09   -1.04030137026662736e-01   3.93751602725544270e-01
1.77176654542275297e-09   -1.65262752421489911e-01   4.58523426519686084e-01
1.78717321103512469e-09   -2.47419558331864325e-01   5.26750414081239682e-01
1.80257987664749641e-09   -3.54318584006937554e-01   5.96969811458100574e-01
1.81798654225986833e-09   -4.89602337624211681e-01   6.67427312187245492e-01
1.83339320787224005e-09   -6.56479521401961086e-01   7.36138796213061330e-01
1.84879987348461176e-09   -8.57462101414129041e-01   8.00976062534531019e-01
1.86420653909698348e-09   -1.09412739458434394e+00   8.59772484358696465e-01
1.87961320470935520e-09   -1.36693617139996615e+00   9.10440668517051299e-01
1.89501987032172691e-09   -1.67513388469831215e+00   9.51094866325329025e-01
1.91042653593409904e-09   -2.01675279253478834e+00   9.80167349145856681e-01
1.92583320154647076e-09   -2.38871878647321800e+00   9.96507823646891944e-01
1.94123986715884248e-09   -2.78705033764050381e+00   9.99459661225445717e-01
1.95664653277121419e-09   -3.20712136172955908e+00   9.88903792946418170e-01
1.97205319838358591e-09   -3.64394858274094791e+00   9.65265752622084916e-01
1.98745986399595762e-09   -4.09246012065984566e+00   9.29488104272906179e-01
2.00286652960832934e-09   -4.54770716652965312e+00   8.82968023076834307e-01
2.01827319522070106e-09   -5.00499445229952222e+00   8.27466088209009132e-01
2.03367986083307277e-09   -5.45992481675098063e+00   7.64996651446701703e-01
2.04908652644544490e-09   -5.90837379013138442e+00   6.97706920656158358e-01
2.06449319205781662e-09   -6.34642672235675587e+00   6.27755652696841415e-01
2.07989985767018834e-09   -6.77031874751490204e+00   5.57201613013700303e-01
2.09530652328256005e-09   -7.17641431557783083e+00   4.87908301893752505e-01
2.11071318889493177e-09   -7.56124926635484940e+00   4.21471469285398914e-01
2.12611985450730349e-09   -7.92163816028753320e+00   3.59171880435102897e-01
2.14152652011967520e-09   -8.25482869028900978e+00   3.01953805063095160e-01
2.15693318573204692e-09   -8.55866996182180984e+00   2.50427980746751877e-01
2.17233985134441905e-09   -8.83175648647583067e+00   2.04894086588786439e-01
2.18774651695679077e-09   -9.07351591591523743e+00   1.65378834745662562e-01
2.20315318256916248e-09   -9.28422332083738766e+00   1.31684495292482329e-01
2.21855984818153420e-09   -9.46494278485037199e+00   1.03441224563926834e-01
2.23396651379390591e-09   -9.61741219782233792e+00   8.01597714672237505e-02
2.24937317940627763e-09   -9.74389487209860405e+00   6.12806773129175170e-02
2.26477984501864935e-09   -9.84702079563403565e+00   4.62162830677442724e-02
2.28018651063102106e-09   -9.92963333028027861e+00   3.43850876001626921e-02
2.29559317624339278e-09   -9.99464836441921101e+00   2.52376894046341081e-02
2.31099984185576491e-09   -1.00449270305278500e+01   1.82739952840126237e-02
2.32640650746813663e-09   -1.00831625511100675e+01   1.30533181056874704e-02
2.34181317308050834e-09   -1.01117855003032133e+01   9.19840965436963774e-03
2.35721983869288006e-09   -1.01328962492378043e+01   6.39453744871526682e-03
2.37262650430525178e-09   -1.01482343279406955e+01   4.38539614405742198e-03
2.38803316991762349e-09   -1.01591892890128257e+01   2.96696910680914428e-03
2.40343983552999521e-09   -1.01668475482946743e+01   1.98025853741772831e-03
2.41884650114236693e-09   -1.01720590153023398e+01   1.30386870297287383e-03
2.43425316675473906e-09   -1.01755016514607597e+01   8.46935667217473378e-04
2.44965983236711077e-09   -1.01777252506345715e+01   5.42714951329987356e-04
2.46506649797948249e-09   -1.01791672558235433e+01   3.43080483569385382e-04
2.48047316359185421e-09   -1.01801482197008664e+01   2.13956232852048498e-04
2.49587982920422592e-09   -1.01808652201910679e+01   1.31631190957442730e-04
2.51128649481659764e-09   -1.01814022331635279e+01   7.98905273772320632e-05
2.52669316042896935e-09   -1.01817661402888362e+01   4.78339872858930210e-05
2.54209982604134107e-09   -1.01819407698582740e+01   2.82541969268239527e-05
2.55750649165371279e-09   -1.01819380064529330e+01   1.64638607625184466e-05
2.57291315726608492e-09   -1.01818226284160058e+01   9.46423131223926990e-06
2.58831982287845663e-09   -1.01816987074489749e+01   5.36715648212633957e-06
2.60372648849082835e-09   -1.01816651020180906e+01   3.00265339343876294e-06
2.61913315410320007e-09   -1.01817652447470728e+01   1.65718590174839171e-06
2.63453981971557178e-09   -1.01819615206482972e+01   9.02282802761255406e-07
2.64994648532794350e-09   -1.01821526846234978e+01   4.84636191854172566e-07
2.66535315094031522e-09   -1.01822290450491337e+01   2.56799536181949223e-07
2.68075981655268693e-09   -1.01821371646940619e+01   1.34238853695712905e-07
2.69616648216505906e-09   -1.01819171866833003e+01   6.92251022415735043e-08
2.71157314777743078e-09   -1.01816882069856387e+01   3.52171625051485351e-08
2.72697981338980250e-09   -1.01815853232990978e+01   1.76746540730571939e-08
2.74238647900217421e-09   -1.01816810215469662e+01   8.75081475184833814e-09
2.75779314461454593e-09   -1.01819361897923724e+01   4.27416820156660624e-09
2.77319981022691764e-09   -1.01822129585580008e+01   2.05949500437102112e-09
2.78860647583928936e-09   -1.01823478340318676e+01   9.78972509693736167e-10
2.80401314145166108e-09   -1.01822472603858394e+01   4.59077468251673726e-10
2.81941980706403279e-09   -1.01819504100617539e+01   2.12377104650467979e-10
2.83482647267640492e-09   -1.01816181426727752e+01   9.69236197345085974e-11
2.85023313828877664e-09   -1.01814474932665053e+01   4.36372594826301009e-11
2.86563980390114836e-09   -1.01815560457409759e+01   1.93816961718231380e-11
2.88104646951352007e-09   -1.01819032808750620e+01   8.49231071049760273e-12
2.89645313512589179e-09   -1.01823002817732640e+01   3.67084527571416580e-12
2.91185980073826351e-09   -1.01825105659096522e+01   1.56535555735831011e-12
2.92726646635063522e-09   -1.01823895330553817e+01   6.58505259197539040e-13
2.94267313196300694e-09   -1.01819811947026064e+01   2.73282493949430447e-13
2.95807979757537866e-09   -1.01815088954577622e+01   1.11884867067704738e-13
2.97348646318775079e-09   -1.01812554228565340e+01   4.51886890356874777e-14
2.98889312880012250e-09   -1.01813953341140628e+01   1.80050638736914029e-14
3.00429979441249422e-09   -1.01818778797885034e+01   7.07728742442069520e-15
3.01970646002486593e-09   -1.01824373958182726e+01   2.74433648005188119e-15
3.03511312563723765e-09   -1.01827369538296502e+01   1.04981951528126190e-15
3.05051979124960937e-09   -1.01825693559524897e+01   3.96186296334080159e-16
3.06592645686198108e-09   -1.01819967675475098e+01   1.47496629805699857e-16
3.08133312247435280e-09   -1.01813368317736028e+01   5.41716093855244651e-17
3.09673978808672493e-09   -1.01809894223688921e+01   1.96276903722535521e-17
3.11214645369909665e-09   -1.01811965236710744e+01   7.01558607762669157e-18
3.12755311931146836e-09   -1.01818780563904863e+01   2.47380780869666355e-18
3.14295978492384008e-09   -1.01826527257536839e+01   8.60549941961136540e-19
3.15836645053621180e-09   -1.01830480127230540e+01   2.95313254690408836e-19
3.17377311614858351e-09   -1.01827859079205805e+01   9.99763541254138066e-20
3.18917978176095523e-09   -1.01819731664148083e+01   3.33902825106414564e-20
3.20458644737332695e-09   -1.01810686483970390e+01   1.10011742742408113e-20
3.21999311298569866e-09   -1.01806279565619597e+01   3.57573854013499623e-21
3.23539977859807079e-09   -1.01809649875154751e+01   1.14657175792068397e-21
3.25080644421044251e-09   -1.01819347909440090e+01   3.62687235455238696e-22
3.26621310982281423e-09   -1.01829845949966629e+01   1.13180429326405863e-22
3.28161977543518594e-09   -1.01834647996672327e+01   3.48433191841678131e-23
3.29702644104755766e-09   -1.01830277133908602e+01   1.05818748214833985e-23
3.31243310665992937e-09   -1.01818712913036862e+01   3.17039985753261918e-24
3.32783977227230109e-09   -1.01806611239642635e+01   9.37076250461382269e-25
3.34324643788467281e-09   -1.01801518048270481e+01   2.73231074722542962e-25
3.35865310349704494e-09   -1.01807200811767764e+01   7.85948091770106159e-26
3.37405976910941665e-09   -1.01820963396609461e+01   2.23032152374762087e-26
3.38946643472178837e-09   -1.01834806678862630e+01   6.24359440928814671e-27
3.40487310033416009e-09   -1.01840029463616553e+01   1.72429198356076795e-27
3.42027976594653180e-09   -1.01832655656398643e+01   4.69782843898787743e-28
3.43568643155890352e-09   -1.01816328448280444e+01   1.26263085442112897e-28
3.45109309717127524e-09   -1.01800630248720729e+01   3.34784139991826106e-29
3.46649976278364695e-09   -1.01795510990575799e+01   8.75717366440370234e-30
3.48190642839601867e-09   -1.01805029752395004e+01   2.25972314893150944e-30
3.49731309400839080e-09   -1.01824316721964916e+01   5.75249252937476711e-31
3.51271975962076252e-09   -1.01841943685724008e+01   1.44466750622770092e-31
3.52812642523313423e-09   -1.01846639496615019e+01   3.57907824938430539e-32
3.54353309084550595e-09   -1.01834441529852437e+01   8.74750848206086266e-33
3.55893975645787766e-09   -1.01811779258213857e+01   2.10915734451472371e-33
3.57434642207024938e-09   -1.01792207020367815e+01   5.01677096670432234e-34
3.58975308768262110e-09   -1.01788357424709623e+01   1.17719877750483230e-34
3.60515975329499281e-09   -1.01803852609740666e+01   2.72512976418975901e-35
3.62056641890736494e-09   -1.01830313779918562e+01   6.22321030182521198e-36
3.63597308451973666e-09   -1.01851769471986948e+01   1.40201401105863539e-36
3.65137975013210838e-09   -1.01854230959703838e+01   3.11603643681075340e-37
3.66678641574448009e-09   -1.01834736354435318e+01   6.83190474479797377e-38
3.68219308135685181e-09   -1.01804061411282500e+01   1.47771957498393234e-38
3.69759974696922353e-09   -1.01780886402691984e+01   3.15322528345421766e-39
3.71300641258159524e-09   -1.01780489783848616e+01   6.63752621956051582e-40
3.72841307819396696e-09   -1.01804766694951692e+01   1.37837954663006063e-40
3.74381974380633868e-09   -1.01840039869159398e+01   2.82386938907705666e-41
3.75922640941871039e-09   -1.01864641070031485e+01   5.70699929481917966e-42
3.77463307503108211e-09   -1.01862146932123121e+01   1.13784402966731741e-42
3.79003974064345382e-09   -1.01832232568510701e+01   2.23805803355301258e-43
3.80544640625582554e-09   -1.01792034095587347e+01   4.34256682464809292e-44
3.82085307186819808e-09   -1.01766457622445348e+01   8.31254044209936376e-45
3.83625973748056980e-09   -1.01772829171986725e+01   1.56976707022915259e-45
3.85166640309294152e-09   -1.01809294053595458e+01   2.92430268923353108e-46
3.86707306870531323e-09   -1.01854655057073966e+01   5.37430028418544931e-47
3.88247973431768495e-09   -1.01880567930438080e+01   9.74397627299471401e-48
3.89788639993005667e-09   -1.01869163829085601e+01   1.74275067317366381e-48
3.91329306554242838e-09   -1.01825198676251603e+01   3.07501477697735255e-49
3.92869973115480010e-09   -1.01774565630695744e+01   5.35271787541698239e-50
3.94410639676717182e-09   -1.01749173616663118e+01   9.19147725387086181e-51
3.95951306237954353e-09   -1.01766936245375526e+01   1.55707526886189009e-51
3.97491972799191525e-09   -1.01819359112051480e+01   2.60225362563421858e-52
3.99032639360428697e-09   -1.01875202975425019e+01   4.29015019241409661e-53
4.00573305921665868e-09   -1.01898969121876419e+01   6.97764913772950810e-54
4.02113972482903040e-09   -1.01873355723890029e+01   1.11959776671885524e-54
4.03654639044140211e-09   -1.01811547499438522e+01   1.77213498082638848e-55
4.05195305605377383e-09   -1.01750772291499842e+01   2.76723326539462082e-56
4.06735972166614555e-09   -1.01730011418161173e+01   4.26296294192909129e-57
4.08276638727851809e-09   -1.01765121002987922e+01   6.47825773591085312e-58
4.09817305289088981e-09   -1.01837165957834124e+01   9.71224284544975117e-59
4.11357971850326152e-09   -1.01902323778775017e+01   1.43647550184009348e-59
4.12898638411563324e-09   -1.01918403548108571e+01   2.09583345422615442e-60
4.14439304972800496e-09   -1.01872022383741818e+01   3.01668815035779142e-61
4.15979971534037667e-09   -1.01789021246436917e+01   4.28372933972108104e-62
4.17520638095274839e-09   -1.01720351903629425e+01   6.00056903554504411e-63
4.19061304656512011e-09   -1.01710940756357324e+01   8.29236524818337403e-64
4.20601971217749182e-09   -1.01770464063443882e+01   1.13053224699291938e-64
4.22142637778986354e-09   -1.01864944275435576e+01   1.52042578746788233e-65
4.23683304340223526e-09   -1.01935878324350782e+01   2.01726776898946376e-66
4.25223970901460697e-09   -1.01936315482779722e+01   2.64046867039615306e-67
4.26764637462697869e-09   -1.01861732017950377e+01   3.40937788204359196e-68
4.28305304023935041e-09   -1.01755519390172591e+01   4.34295968065123820e-69
4.29845970585172212e-09   -1.01683994546767043e+01   5.45778239150914123e-70
4.31386637146409384e-09   -1.01695149200366810e+01   6.76584702148644321e-71
4.32927303707646555e-09   -1.01786696631691989e+01   8.27456489683063861e-72
4.34467970268883810e-09   -1.01904545277216609e+01   9.98363156320978841e-73
4.36008636830120981e-09   -1.01974513203543840e+01   1.18824591718606165e-73
4.37549303391358153e-09   -1.01948855890354153e+01   1.39521667009005905e-74
4.39089969952595325e-09   -1.01838531122829838e+01   1.61621081139272401e-75
4.40630636513832496e-09   -1.01709578254502624e+01   1.84683292989590993e-76
4.42171303075069668e-09   -1.01643827740340775e+01   2.08197383785383075e-77
4.43711969636306840e-09   -1.01687155701024690e+01   2.31549902468371880e-78
4.45252636197544011e-09   -1.01817889791174814e+01   2.54030586357713798e-79
4.46793302758781183e-09   -1.01956890899996893e+01   2.74945110159860739e-80
4.48333969320018355e-09   -1.02015222834002568e+01   2.93581259845946189e-81
4.49874635881255526e-09   -1.01950853650200504e+01   3.09229938349086015e-82
4.51415302442492698e-09   -1.01798364822672003e+01   3.21331908736076223e-83
4.52955969003729870e-09   -1.01650984601048471e+01   3.29419413697437766e-84
4.54496635564967041e-09   -1.01603826274665128e+01   3.33130333209915697e-85
4.56037302126204213e-09   -1.01692734738729680e+01   3.32352407011143640e-86
4.57577968687441384e-09   -1.01867918883429205e+01   3.27120064045871561e-87
4.59118635248678556e-09   -1.02021310405569583e+01   3.17602525174282587e-88
4.60659301809915810e-09   -1.02052991485983782e+01   3.04215210214084488e-89
4.62199968371152982e-09   -1.01936015270382878e+01   2.87476472963668711e-90
4.63740634932390154e-09   -1.01737729446008451e+01   2.67972875447014251e-91
4.65281301493627325e-09   -1.01581471068392624e+01   2.46433724642962678e-92
4.66821968054864497e-09   -1.01570092079896632e+01   2.23580830899655889e-93
4.68362634616101669e-09   -1.01718575124390824e+01   2.00094360367540175e-94
4.69903301177338840e-09   -1.01939697079892060e+01   1.76667425008767783e-95
4.71443967738576012e-09   -1.02094835568994124e+01   1.53887716864949264e-96
4.72984634299813184e-09   -1.02080619516699898e+01   1.32225732721130712e-97
4.74525300861050355e-09   -1.01897422509898909e+01   1.12085630255619763e-98
4.76065967422287527e-09   -1.01654544188844174e+01   9.37368768547502604e-100
4.77606633983524699e-09   -1.01505402906808744e+01   7.73275478750870960e-101
4.79147300544761870e-09   -1.01550893051864488e+01   6.29333019103144395e-102
4.80687967105999042e-09   -1.01771614837797593e+01   5.05305627927835415e-103
4.82228633667236213e-09   -1.02034213223189081e+01   4.00211548925942549e-104
4.83769300228473385e-09   -1.02171563910278564e+01   3.12714644405084608e-105
4.85309966789710557e-09   -1.02088848057301522e+01   2.41065423826814716e-106
4.86850633350947811e-09   -1.01828371219396754e+01   1.83308294828639951e-107
4.88391299912184983e-09   -1.01549182465549190e+01   1.37515940086514991e-108
4.89931966473422154e-09   -1.01430329043171064e+01   1.01777749771782659e-109
4.91472633034659326e-09   -1.01556347811870964e+01   7.43039224281129091e-111
4.93013299595896498e-09   -1.01858028470194704e+01   5.35173974550785250e-112
4.94553966157133669e-09   -1.02149459378930718e+01   3.80283864276837376e-113
4.96094632718370841e-09   -1.02242232063641865e+01   2.66549876302416935e-114
4.97635299279608013e-09   -1.02066888907893070e+01   1.84320674142224119e-115
4.99175965840845184e-09   -1.01723550507810288e+01   1.25747709941896097e-116
5.00716632402082356e-09   -1.01425550594660656e+01   8.46218182168093744e-118
5.02257298963319528e-09   -1.01367243669690072e+01   5.61810996856802250e-119
5.03797965524556699e-09   -1.01597661496906237e+01   3.67984396223217018e-120
5.05338632085793871e-09   -1.01981896604703977e+01   2.37751541762941098e-121
5.06879298647031043e-09   -1.02279387219712596e+01   1.51545673635866243e-122
5.08419965208268214e-09   -1.02294160345698018e+01   9.53006483005589257e-124
5.09960631769505386e-09   -1.02003436731037009e+01   5.91155117503982100e-125
5.11501298330742557e-09   -1.01580500904070679e+01   3.61771183247401125e-126
5.13041964891979812e-09   -1.01292049225815308e+01   2.18423538834513636e-127
5.14582631453216983e-09   -1.01330395498358836e+01   1.30081844793060436e-128
5.16123298014454155e-09   -1.01685859441658568e+01   7.64295881245992551e-130
5.17663964575691327e-09   -1.02143653227945013e+01   4.43037161451858530e-131
5.19204631136928498e-09   -1.02413080745452536e+01   2.53319745723438923e-132
5.20745297698165670e-09   -1.02311726805539962e+01   1.42898012727266431e-133
5.22285964259402842e-09   -1.01888186647639376e+01   7.95276235874447863e-135
5.23826630820640013e-09   -1.01401218912124751e+01   4.36574657234849568e-136
5.25367297381877185e-09   -1.01162210991747639e+01   2.36443827022813821e-137
5.26907963943114357e-09   -1.01336498121577705e+01   1.26337706104290170e-138
5.28448630504351528e-09   -1.01830031448800149e+01   6.65863366568047562e-140
5.29989297065588700e-09   -1.02338480794009232e+01   3.46231751041683867e-141
5.31529963626825872e-09   -1.02534365607746771e+01   1.77617233675684509e-142
5.33070630188063043e-09   -1.02277497855538400e+01   8.98770573799565673e-144
5.34611296749300215e-09   -1.01713803571813930e+01   4.48686419937037086e-145
5.36151963310537386e-09   -1.01193702234639922e+01   2.20990878833485991e-146
5.37692629871774558e-09   -1.01054786960309659e+01   1.07361776710899836e-147
5.39233296433011812e-09   -1.01403241931415913e+01   5.14583764053898403e-149
5.40773962994248984e-09   -1.02035185552281948e+01   2.43332842195499990e-150
5.42314629555486156e-09   -1.02554892268397158e+01   1.13497855866705043e-151
5.43855296116723327e-09   -1.02622081778633909e+01   5.22283558660029324e-153
5.45395962677960499e-09   -1.02174079315157211e+01   2.37117846068429651e-154
5.46936629239197671e-09   -1.01478196049926996e+01   1.06184896153575390e-155
5.48477295800434842e-09   -1.00973166932795699e+01   4.69130588323184482e-157
5.50017962361672014e-09   -1.00993064772924015e+01   2.04486615234839793e-158
5.51558628922909186e-09   -1.01547087400036364e+01   8.79174247506958904e-160
5.53099295484146357e-09   -1.02299908459397120e+01   3.72922226143050307e-161
5.54639962045383529e-09   -1.02773792335430336e+01   1.56063974878031782e-162
5.56180628606620701e-09   -1.02651217218432986e+01   6.44205298296960564e-164
5.57721295167857872e-09   -1.01986657102424125e+01   2.62349297939930928e-165
5.59261961729095044e-09   -1.01186847572161618e+01   1.05408971123944040e-166
5.60802628290332215e-09   -1.00762628593487999e+01   4.17744507615067113e-168
5.62343294851569387e-09   -1.01003250724469513e+01   1.63334777649262024e-169
5.63883961412806559e-09   -1.01780427819843293e+01   6.30071183088951492e-171
5.65424627974043813e-09   -1.02614127497112371e+01   2.39736591923269819e-172
5.66965294535280985e-09   -1.02968332059868111e+01   8.99942052441157999e-174
5.68505961096518156e-09   -1.02595029637280479e+01   0.00000000000000000e+00
5.70046627657755328e-09   -1.01706077101084151e+01   0.00000000000000000e+00
5.71587294218992500e-09   -1.00854866907402041e+01   0.00000000000000000e+00
5.73127960780229671e-09   -1.00592537762545966e+01   0.00000000000000000e+00
5.74668627341466843e-09   -1.01111839991667765e+01   0.00000000000000000e+00
5.76209293902704015e-09   -1.02108337693801161e+01   0.00000000000000000e+00
5.77749960463941186e-09   -1.02957349738501165e+01   0.00000000000000000e+00
5.79290627025178358e-09   -1.03104849981379374e+01   0.00000000000000000e+00
5.80831293586415530e-09   -1.02428170700519825e+01   0.00000000000000000e+00
5.82371960147652701e-09   -1.01332180987069851e+01   0.00000000000000000e+00
5.83912626708889873e-09   -1.00508353218550326e+01   0.00000000000000000e+00
5.85453293270127045e-09   -1.00499206640427321e+01   0.00000000000000000e+00
5.86993959831364216e-09   -1.01342031282880889e+01   0.00000000000000000e+00
5.88534626392601388e-09   -1.02525255983780532e+01   0.00000000000000000e+00
5.90075292953838559e-09   -1.03297800244152302e+01   0.00000000000000000e+00
5.91615959515075731e-09   -1.03145118835593514e+01   0.00000000000000000e+00
5.93156626076312985e-09   -1.02130678028668740e+01   0.00000000000000000e+00
5.94697292637550157e-09   -1.00876986441431171e+01   0.00000000000000000e+00
5.96237959198787329e-09   -1.00184649285187319e+01   0.00000000000000000e+00
5.97778625760024500e-09   -1.00521865669828863e+01   0.00000000000000000e+00
5.99319292321261672e-09   -1.01709404795599863e+01   0.00000000000000000e+00
6.00859958882498844e-09   -1.03012071755458319e+01   0.00000000000000000e+00
6.02400625443736015e-09   -1.03592876028334118e+01   0.00000000000000000e+00
6.03941292004973187e-09   -1.03049987758141608e+01   0.00000000000000000e+00
6.05481958566210359e-09   -1.01692528348142091e+01   0.00000000000000000e+00
6.07022625127447530e-09   -1.00367197514860784e+01   0.00000000000000000e+00
6.08563291688684702e-09   -9.99310926100270791e+00   0.00000000000000000e+00
6.10103958249921874e-09   -1.00698344496075158e+01   0.00000000000000000e+00
6.11644624811159045e-09   -1.02217258652987368e+01   0.00000000000000000e+00
6.13185291372396217e-09   -1.03534161010518648e+01   0.00000000000000000e+00
6.14725957933633388e-09   -1.03791262162398503e+01   0.00000000000000000e+00
6.16266624494870560e-09   -1.02784329772536296e+01   0.00000000000000000e+00
6.17807291056107732e-09   -1.01118270428635419e+01   0.00000000000000000e+00
6.19347957617344986e-09   -9.98454767038296431e+00   0.00000000000000000e+00
6.20888624178582158e-09   -9.98019798278109072e+00   0.00000000000000000e+00
6.22429290739819329e-09   -1.01059572571977387e+01   0.00000000000000000e+00
6.23969957301056501e-09   -1.02852165657483923e+01   0.00000000000000000e+00
6.25510623862293673e-09   -1.04040945340614002e+01   0.00000000000000000e+00
6.27051290423530844e-09   -1.03836914734584358e+01   0.00000000000000000e+00
6.28591956984768016e-09   -1.02322987464802715e+01   0.00000000000000000e+00
6.30132623546005188e-09   -1.00431104784197220e+01   0.00000000000000000e+00
6.31673290107242359e-09   -9.93699255774579093e+00   0.00000000000000000e+00
6.33213956668479531e-09   -9.98536369534499890e+00   0.00000000000000000e+00
6.34754623229716703e-09   -1.01623321938579174e+01   0.00000000000000000e+00
6.36295289790953874e-09   -1.03580441633601108e+01   0.00000000000000000e+00
6.37835956352191046e-09   -1.04467486660262860e+01   0.00000000000000000e+00
6.39376622913428217e-09   -1.03674904812128919e+01   0.00000000000000000e+00
6.40917289474665389e-09   -1.01657178901465581e+01   0.00000000000000000e+00
6.42457956035902561e-09   -9.96756771528684915e+00   0.00000000000000000e+00
6.43998622597139732e-09   -9.90113212308338220e+00   0.00000000000000000e+00
6.45539289158376987e-09   -1.00137728648093987e+01   0.00000000000000000e+00
6.47079955719614158e-09   -1.02387841474479249e+01   0.00000000000000000e+00
6.48620622280851330e-09   -1.04346280101906750e+01   0.00000000000000000e+00
6.50161288842088502e-09   -1.04738486047381585e+01   0.00000000000000000e+00
6.51701955403325673e-09   -1.03258851673755547e+01   0.00000000000000000e+00
6.53242621964562845e-09   -1.00800611560212481e+01   0.00000000000000000e+00
6.54783288525800017e-09   -9.89188323110175816e+00   0.00000000000000000e+00
6.56323955087037188e-09   -9.88478481733824310e+00   0.00000000000000000e+00
6.57864621648274360e-09   -1.00693224536229309e+01   0.00000000000000000e+00
6.59405288209511532e-09   -1.03326224835890255e+01   0.00000000000000000e+00
6.60945954770748703e-09   -1.05072279740181358e+01   0.00000000000000000e+00
6.62486621331985875e-09   -1.04774817550164272e+01   0.00000000000000000e+00
6.64027287893223047e-09   -1.02559377363524042e+01   0.00000000000000000e+00
6.65567954454460218e-09   -9.97943895876451847e+00   0.00000000000000000e+00
6.67108621015697390e-09   -9.82476564740087532e+00   0.00000000000000000e+00
6.68649287576934561e-09   -9.89573443014611165e+00   0.00000000000000000e+00
6.70189954138171733e-09   -1.01537739345429223e+01   0.00000000000000000e+00
6.71730620699408987e-09   -1.04382477236023625e+01   0.00000000000000000e+00
6.73271287260646159e-09   -1.05662952660517107e+01   0.00000000000000000e+00
6.74811953821883331e-09   -1.04502411644551092e+01   0.00000000000000000e+00
6.76352620383120502e-09   -1.01572723242787237e+01   0.00000000000000000e+00
6.77893286944357674e-09   -9.87097249695273327e+00   0.00000000000000000e+00
6.79433953505594846e-09   -9.77643334206281978e+00   0.00000000000000000e+00
6.80974620066832017e-09   -9.94074263900569299e+00   0.00000000000000000e+00
6.82515286628069189e-09   -1.02659236957070199e+01   0.00000000000000000e+00
6.84055953189306361e-09   -1.05470264799562976e+01   0.00000000000000000e+00
6.85596619750543532e-09   -1.06011546276571895e+01   0.00000000000000000e+00
6.87137286311780704e-09   -1.03862933893281308e+01   0.00000000000000000e+00
6.88677952873017876e-09   -1.00328425171026243e+01   0.00000000000000000e+00
6.90218619434255047e-09   -9.76475076267390918e+00   0.00000000000000000e+00
6.91759285995492219e-09   -9.75776510162460120e+00   0.00000000000000000e+00
6.93299952556729390e-09   -1.00244242124180829e+01   0.00000000000000000e+00
6.94840619117966562e-09   -1.04009291831396595e+01   0.00000000000000000e+00
6.96381285679203734e-09   -1.06475217325756546e+01   0.00000000000000000e+00
6.97921952240440988e-09   -1.06010147923683515e+01   0.00000000000000000e+00
6.99462618801678160e-09   -1.02825321669655736e+01   0.00000000000000000e+00
7.01003285362915331e-09   -9.88947924588298655e+00   0.00000000000000000e+00
7.02543951924152503e-09   -9.67339745466818890e+00   0.00000000000000000e+00
7.04084618485389675e-09   -9.77914040965426778e+00   0.00000000000000000e+00
7.05625285046626846e-09   -1.01480966917472113e+01   0.00000000000000000e+00
7.07165951607864018e-09   -1.05499190235910234e+01   0.00000000000000000e+00
7.08706618169101190e-09   -1.07261396319233686e+01   0.00000000000000000e+00
7.10247284730338361e-09   -1.05562595018176655e+01   0.00000000000000000e+00
7.11787951291575533e-09   -1.01396895512707701e+01   0.00000000000000000e+00
7.13328617852812705e-09   -9.73809189288011368e+00   0.00000000000000000e+00
7.14869284414049876e-09   -9.61120503047147601e+00   0.00000000000000000e+00
7.16409950975287048e-09   -9.84904124434081929e+00   0.00000000000000000e+00
7.17950617536524219e-09   -1.03087471120751744e+01   0.00000000000000000e+00
7.19491284097761391e-09   -1.07000090137515382e+01   0.00000000000000000e+00
7.21031950658998563e-09   -1.07682137731495775e+01   0.00000000000000000e+00
7.22572617220235734e-09   -1.04599227030142892e+01   0.00000000000000000e+00
7.24113283781472989e-09   -9.96325074015383194e+00   0.00000000000000000e+00
7.25653950342710160e-09   -9.59341047538975289e+00   0.00000000000000000e+00
7.27194616903947332e-09   -9.59283981921270268e+00   0.00000000000000000e+00
7.28735283465184504e-09   -9.97253584678677463e+00   0.00000000000000000e+00
7.30275950026421675e-09   -1.04982770625125461e+01   0.00000000000000000e+00
7.31816616587658847e-09   -1.08348217345789521e+01   0.00000000000000000e+00
7.33357283148896019e-09   -1.07594955959363645e+01   0.00000000000000000e+00
7.34897949710133190e-09   -1.03092046066792875e+01   0.00000000000000000e+00
7.36438616271370362e-09   -9.76400806895903095e+00   0.00000000000000000e+00
7.37979282832607534e-09   -9.47319015673072684e+00   0.00000000000000000e+00
7.39519949393844705e-09   -9.63167890272655391e+00   0.00000000000000000e+00
7.41060615955081877e-09   -1.01498085491216870e+01   0.00000000000000000e+00
7.42601282516319049e-09   -1.07031889906495330e+01   0.00000000000000000e+00
7.44141949077556220e-09   -1.09355650361118713e+01   0.00000000000000000e+00
7.45682615638793392e-09   -1.06879596438939704e+01   0.00000000000000000e+00
7.47223282200030646e-09   -1.01068467143463820e+01   0.00000000000000000e+00
7.48763948761267735e-09   -9.55809817183288501e+00   0.00000000000000000e+00
7.50304615322504989e-09   -9.39685054592903235e+00   0.00000000000000000e+00
7.51845281883742078e-09   -9.73790093314400806e+00   0.00000000000000000e+00
7.53385948444979333e-09   -1.03749315278681777e+01   0.00000000000000000e+00
7.54926615006216422e-09   -1.09048572465713853e+01   0.00000000000000000e+00
7.56467281567453676e-09   -1.09826654815031297e+01   0.00000000000000000e+00
7.58007948128690765e-09   -1.05457712150980658e+01   0.00000000000000000e+00
7.59548614689928019e-09   -9.86216062966822449e+00   0.00000000000000000e+00
7.61089281251165108e-09   -9.36639707499243102e+00   0.00000000000000000e+00
7.62629947812402363e-09   -9.38358826746942754e+00   0.00000000000000000e+00
7.64170614373639617e-09   -9.91651203807470694e+00   0.00000000000000000e+00
7.65711280934876706e-09   -1.06350875789559005e+01   0.00000000000000000e+00
7.67251947496113960e-09   -1.10804850941703492e+01   0.00000000000000000e+00
7.68792614057351049e-09   -1.09578813590576107e+01   0.00000000000000000e+00
7.70333280618588304e-09   -1.03312092473590145e+01   0.00000000000000000e+00
7.71873947179825392e-09   -9.59150370498000981e+00   0.00000000000000000e+00
7.73414613741062647e-09   -9.21320156011173808e+00   0.00000000000000000e+00
7.74955280302299736e-09   -9.45007651396130477e+00   0.00000000000000000e+00
7.76495946863536990e-09   -1.01655362237813343e+01   0.00000000000000000e+00
7.78036613424774079e-09   -1.09104421358317420e+01   0.00000000000000000e+00
7.79577279986011333e-09   -1.12047846128930662e+01   0.00000000000000000e+00
7.81117946547248422e-09   -1.08467428746933479e+01   0.00000000000000000e+00
7.82658613108485677e-09   -1.00502975800047114e+01   0.00000000000000000e+00
7.84199279669722766e-09   -9.31801897054088002e+00   0.00000000000000000e+00
7.85739946230960020e-09   -9.12419920256441941e+00   0.00000000000000000e+00
7.87280612792197109e-09   -9.60794182990097667e+00   0.00000000000000000e+00
7.88821279353434363e-09   -1.04746287755936560e+01   0.00000000000000000e+00
7.90361945914671618e-09   -1.11748242966353111e+01   0.00000000000000000e+00
7.91902612475908707e-09   -1.12523339489326499e+01   0.00000000000000000e+00
7.93443279037145961e-09   -1.06410934784562414e+01   0.00000000000000000e+00
7.94983945598383050e-09   -9.71788116861800866e+00   0.00000000000000000e+00
7.96524612159620304e-09   -9.07050945455775270e+00   0.00000000000000000e+00
7.98065278720857393e-09   -9.12381859938972184e+00   0.00000000000000000e+00
7.99605945282094647e-09   -9.86127661173067693e+00   0.00000000000000000e+00
8.01146611843331736e-09   -1.08243735040449440e+01   0.00000000000000000e+00
8.02687278404568991e-09   -1.13973100446616868e+01   0.00000000000000000e+00
8.04227944965806080e-09   -1.12004727359864500e+01   0.00000000000000000e+00
8.05768611527043334e-09   -1.03414460694214245e+01   0.00000000000000000e+00
8.07309278088280423e-09   -9.35789709857062135e+00   0.00000000000000000e+00
8.08849944649517677e-09   -8.88139676235392450e+00   0.00000000000000000e+00
8.10390611210754766e-09   -9.23214702166779588e+00   0.00000000000000000e+00
8.11931277771992021e-09   -1.02044954008738493e+01   0.00000000000000000e+00
8.13471944333229110e-09   -1.11864947535756141e+01   0.00000000000000000e+00
8.15012610894466364e-09   -1.15447091245112183e+01   0.00000000000000000e+00
8.16553277455703618e-09   -1.10325014350081432e+01   0.00000000000000000e+00
8.18093944016940707e-09   -9.95883134156223271e+00   0.00000000000000000e+00
8.19634610578177962e-09   -9.00263745858708830e+00   0.00000000000000000e+00
8.21175277139415051e-09   -8.78381577275407111e+00   0.00000000000000000e+00
8.22715943700652305e-09   -9.46169419644662923e+00   0.00000000000000000e+00
8.24256610261889394e-09   -1.06208641106567825e+01   0.00000000000000000e+00
8.25797276823126648e-09   -1.15251504470830870e+01   0.00000000000000000e+00
8.27337943384363737e-09   -1.15848469367053521e+01   0.00000000000000000e+00
8.28878609945600991e-09   -1.07408655712859016e+01   0.00000000000000000e+00
8.30419276506838080e-09   -9.51581192305244272e+00   0.00000000000000000e+00
8.31959943068075335e-09   -8.69088283012353280e+00   0.00000000000000000e+00
8.33500609629312424e-09   -8.80801292495937815e+00   0.00000000000000000e+00
8.35041276190549678e-09   -9.81435583148065760e+00   0.00000000000000000e+00
8.36581942751786767e-09   -1.10820158042306645e+01   0.00000000000000000e+00
8.38122609313024021e-09   -1.17993746246674469e+01   0.00000000000000000e+00
8.39663275874261110e-09   -1.14904146696828278e+01   0.00000000000000000e+00
8.41203942435498365e-09   -1.03299439379719580e+01   0.00000000000000000e+00
8.42744608996735619e-09   -9.04637186086266887e+00   0.00000000000000000e+00
8.44285275557972708e-09   -8.46489758248987378e+00   0.00000000000000000e+00
8.45825942119209962e-09   -8.97733292163297492e+00   0.00000000000000000e+00
8.47366608680447051e-09   -1.02789763967140146e+01   0.00000000000000000e+00
8.48907275241684306e-09   -1.15487096361924344e+01   0.00000000000000000e+00
8.50447941802921394e-09   -1.19666129541086921e+01   0.00000000000000000e+00
8.51988608364158649e-09   -1.12430479058924426e+01   0.00000000000000000e+00
8.53529274925395738e-09   -9.81803272389211656e+00   0.00000000000000000e+00
8.55069941486632992e-09   -8.59446926494243257e+00   0.00000000000000000e+00
8.56610608047870081e-09   -8.36641306394001383e+00   0.00000000000000000e+00
8.58151274609107335e-09   -9.30418353649209351e+00   0.00000000000000000e+00
8.59691941170344424e-09   -1.08299165497230163e+01   0.00000000000000000e+00
8.61232607731581679e-09   -1.19729905250140654e+01   0.00000000000000000e+00
8.62773274292818768e-09   -1.19871530175720569e+01   0.00000000000000000e+00
8.64313940854056022e-09   -1.08372010153623517e+01   0.00000000000000000e+00
8.65854607415293111e-09   -9.23813490338018184e+00   0.00000000000000000e+00
8.67395273976530365e-09   -8.21115861616428333e+00   0.00000000000000000e+00
8.68935940537767620e-09   -8.43186961217356590e+00   0.00000000000000000e+00
8.70476607099004709e-09   -9.78644541913014088e+00   0.00000000000000000e+00
8.72017273660241963e-09   -1.14269884732893416e+01   0.00000000000000000e+00
8.73557940221479052e-09   -1.23017706107197000e+01   0.00000000000000000e+00
8.75098606782716306e-09   -1.18291071919528061e+01   0.00000000000000000e+00
8.76639273343953395e-09   -1.02833267869057874e+01   0.00000000000000000e+00
8.78179939905190649e-09   -8.63723195372754304e+00   0.00000000000000000e+00
8.79720606466427738e-09   -7.95034107422502778e+00   0.00000000000000000e+00
8.81261273027664993e-09   -8.68732713813920299e+00   0.00000000000000000e+00
8.82801939588902082e-09   -1.04048289684690847e+01   0.00000000000000000e+00
8.84342606150139336e-09   -1.20170288781026855e+01   0.00000000000000000e+00
8.85883272711376425e-09   -1.24816895647639665e+01   0.00000000000000000e+00
8.87423939272613679e-09   -1.14734767755730473e+01   0.00000000000000000e+00
8.88964605833850768e-09   -9.60986119501711578e+00   0.00000000000000000e+00
8.90505272395088023e-09   -8.07383369608743529e+00   0.00000000000000000e+00
8.92045938956325112e-09   -7.86337348342589593e+00   0.00000000000000000e+00
8.93586605517562366e-09   -9.14356894782332574e+00   0.00000000000000000e+00
8.95127272078799620e-09   -1.11216618504807379e+01   0.00000000000000000e+00
8.96667938640036709e-09   -1.25372368427195795e+01   0.00000000000000000e+00
8.98208605201273964e-09   -1.24649344167055602e+01   0.00000000000000000e+00
8.99749271762511053e-09   -1.09187298933704167e+01   0.00000000000000000e+00
9.01289938323748307e-09   -8.86356153204775410e+00   0.00000000000000000e+00
9.02830604884985396e-09   -7.61376630984361391e+00   0.00000000000000000e+00
9.04371271446222650e-09   -7.99294241767448810e+00   0.00000000000000000e+00
9.05911938007459739e-09   -9.79199645165420485e+00   0.00000000000000000e+00
9.07452604568696993e-09   -1.18815115159979960e+01   0.00000000000000000e+00
9.08993271129934082e-09   -1.29202207234458335e+01   0.00000000000000000e+00
9.10533937691171337e-09   -1.22155298365343157e+01   0.00000000000000000e+00
9.12074604252408426e-09   -1.01842798742615095e+01   0.00000000000000000e+00
9.13615270813645680e-09   -8.10785647293698730e+00   0.00000000000000000e+00
9.15155937374882769e-09   -7.32435642310744761e+00   0.00000000000000000e+00
9.16696603936120023e-09   -8.36676802156433119e+00   0.00000000000000000e+00
9.18237270497357112e-09   -1.06019275709930998e+01   0.00000000000000000e+00
9.19777937058594367e-09   -1.26139062815982790e+01   0.00000000000000000e+00
9.21318603619831621e-09   -1.31004901051957372e+01   0.00000000000000000e+00
9.22859270181068710e-09   -1.17154681910153062e+01   0.00000000000000000e+00
9.24399936742305964e-09   -9.31226922605701724e+00   0.00000000000000000e+00
9.25940603303543053e-09   -7.41903628487337841e+00   0.00000000000000000e+00
9.27481269864780308e-09   -7.26738269371329881e+00   0.00000000000000000e+00
9.29021936426017396e-09   -8.99182180737908432e+00   0.00000000000000000e+00
9.30562602987254651e-09   -1.15198574665152478e+01   0.00000000000000000e+00
9.32103269548491740e-09   -1.32382226056866283e+01   0.00000000000000000e+00
9.33643936109728994e-09   -1.30219157135529002e+01   0.00000000000000000e+00
9.35184602670966083e-09   -1.09699567032142085e+01   0.00000000000000000e+00
9.36725269232203337e-09   -8.36715556135188265e+00   0.00000000000000000e+00
9.38265935793440426e-09   -6.88033008414328329e+00   0.00000000000000000e+00
9.39806602354677681e-09   -7.49137274819879373e+00   0.00000000000000000e+00
9.41347268915914770e-09   -9.84980234215031558e+00   0.00000000000000000e+00
9.42887935477152024e-09   -1.24711116248903693e+01   0.00000000000000000e+00
9.44428602038389113e-09   -1.36705691979685593e+01   0.00000000000000000e+00
9.45969268599626367e-09   -1.26454867677336100e+01   0.00000000000000000e+00
9.47509935160863622e-09   -1.00110357215874277e+01   0.00000000000000000e+00
9.49050601722100711e-09   -7.43276103906047503e+00   0.00000000000000000e+00
9.50591268283337965e-09   -6.57416701877595422e+00   0.00000000000000000e+00
9.52131934844575054e-09   -8.02399724775568046e+00   0.00000000000000000e+00
9.53672601405812308e-09   -1.08945961229413228e+01   0.00000000000000000e+00
9.55213267967049397e-09   -1.33641213538296757e+01   0.00000000000000000e+00
9.56753934528286651e-09   -1.38322417386829457e+01   0.00000000000000000e+00
9.58294601089523740e-09   -1.19565473481304672e+01   0.00000000000000000e+00
9.59835267650760995e-09   -8.89888132254939279e+00   0.00000000000000000e+00
9.61375934211998084e-09   -6.60667866247705859e+00   0.00000000000000000e+00
9.62916600773235338e-09   -6.57317525111420942e+00   0.00000000000000000e+00
9.64457267334472427e-09   -8.86542856644858546e+00   0.00000000000000000e+00
9.65997933895709681e-09   -1.20523475410590741e+01   0.00000000000000000e+00
9.67538600456946770e-09   -1.40972922880599647e+01   0.00000000000000000e+00
9.69079267018184025e-09   -1.36590721132976132e+01   0.00000000000000000e+00
9.70619933579421114e-09   -1.09706155595359558e+01   0.00000000000000000e+00
9.72160600140658368e-09   -7.72025350179672643e+00   0.00000000000000000e+00
9.73701266701895622e-09   -5.99221067907716787e+00   0.00000000000000000e+00
9.75241933263132711e-09   -6.93070776799912114e+00   0.00000000000000000e+00
9.76782599824369966e-09   -9.98356636037326872e+00   0.00000000000000000e+00
9.78323266385607055e-09   -1.32245699560590264e+01   0.00000000000000000e+00
9.79863932946844309e-09   -1.45681383860924516e+01   0.00000000000000000e+00
9.81404599508081398e-09   -1.31107833631532369e+01   0.00000000000000000e+00
9.82945266069318652e-09   -9.73690170099523300e+00   0.00000000000000000e+00
9.84485932630555741e-09   -6.58378484761371841e+00   0.00000000000000000e+00
9.86026599191792995e-09   -5.68832151237175587e+00   0.00000000000000000e+00
9.87567265753030084e-09   -7.67186664504003879e+00   0.00000000000000000e+00
9.89107932314267339e-09   -1.13119694622495928e+01   0.00000000000000000e+00
9.90648598875504428e-09   -1.42944579319318201e+01   0.00000000000000000e+00
9.92189265436741682e-09   -1.46840455832546759e+01   0.00000000000000000e+00
9.93729931997978771e-09   -1.21793164206570808e+01   0.00000000000000000e+00
9.95270598559216025e-09   -8.33875690592736518e+00   0.00000000000000000e+00
9.96811265120453114e-09   -5.61211012772946205e+00   0.00000000000000000e+00
9.98351931681690369e-09   -5.77838856188003458e+00   0.00000000000000000e+00
9.99892598242927623e-09   -8.78609822472927782e+00   0.00000000000000000e+00
1.00143326480416471e-08   -1.27511652180931208e+01   0.00000000000000000e+00
1.00297393136540197e-08   -1.51362276305905183e+01   0.00000000000000000e+00
1.00451459792663906e-08   -1.43737447107921650e+01   0.00000000000000000e+00
1.00605526448787631e-08   -1.08950442343378988e+01   0.00000000000000000e+00
1.00759593104911340e-08   -6.89050430662542546e+00   0.00000000000000000e+00
1.00913659761035065e-08   -4.93119053900609305e+00   0.00000000000000000e+00
1.01067726417158774e-08   -6.31879329436930171e+00   0.00000000000000000e+00
1.01221793073282500e-08   -1.02224266755898086e+01   0.00000000000000000e+00
1.01375859729406209e-08   -1.41737368388199609e+01   0.00000000000000000e+00
1.01529926385529934e-08   -1.56269471227658006e+01   0.00000000000000000e+00
1.01683993041653643e-08   -1.35983487212127905e+01   0.00000000000000000e+00
1.01838059697777368e-08   -9.32985322577767562e+00   0.00000000000000000e+00
1.01992126353901077e-08   -5.53042138923786020e+00   0.00000000000000000e+00
1.02146193010024803e-08   -4.65755425584494986e+00   0.00000000000000000e+00
1.02300259666148511e-08   -7.32857638349641505e+00   0.00000000000000000e+00
1.02454326322272237e-08   -1.18882672199372088e+01   0.00000000000000000e+00
1.02608392978395962e-08   -1.54332321073140939e+01   0.00000000000000000e+00
1.02762459634519671e-08   -1.56599578273665649e+01   0.00000000000000000e+00
1.02916526290643397e-08   -1.23606792803723167e+01   0.00000000000000000e+00
1.03070592946767106e-08   -7.59626098724325161e+00   0.00000000000000000e+00
1.03224659602890831e-08   -4.41003309513987674e+00   0.00000000000000000e+00
1.03378726259014540e-08   -4.88451764489722784e+00   0.00000000000000000e+00
1.03532792915138265e-08   -8.78145203067910707e+00   0.00000000000000000e+00
1.03686859571261974e-08   -1.36525093055911348e+01   0.00000000000000000e+00
1.03840926227385700e-08   -1.63765206180846832e+01   0.00000000000000000e+00
1.03994992883509409e-08   -1.51586740844789141e+01   0.00000000000000000e+00
1.04149059539633134e-08   -1.07116011333695038e+01   0.00000000000000000e+00
1.04303126195756843e-08   -5.84204966636930934e+00   0.00000000000000000e+00
1.04457192851880568e-08   -3.68030699704176012e+00   0.00000000000000000e+00
1.04611259508004277e-08   -5.66872654207840121e+00   0.00000000000000000e+00
1.04765326164128003e-08   -1.06014137916784392e+01   0.00000000000000000e+00
1.04919392820251712e-08   -1.53531942805888786e+01   0.00000000000000000e+00
1.05073459476375437e-08   -1.68587901047141990e+01   0.00000000000000000e+00
1.05227526132499162e-08   -1.40893223087505071e+01   0.00000000000000000e+00
1.05381592788622871e-08   -8.75221805780277862e+00   0.00000000000000000e+00
1.05535659444746597e-08   -4.24030920690491175e+00   0.00000000000000000e+00
1.05689726100870306e-08   -3.47577172361678066e+00   0.00000000000000000e+00
1.05843792756994031e-08   -7.01852345459136640e+00   0.00000000000000000e+00
1.05997859413117740e-08   -1.26629548891269224e+01   0.00000000000000000e+00
1.06151926069241465e-08   -1.68096563471145970e+01   0.00000000000000000e+00
1.06305992725365174e-08   -1.67599615661626054e+01   0.00000000000000000e+00
1.06460059381488900e-08   -1.24710824331947379e+01   0.00000000000000000e+00
1.06614126037612609e-08   -6.63106688746809603e+00   0.00000000000000000e+00
1.06768192693736334e-08   -2.97527184276464363e+00   0.00000000000000000e+00
1.06922259349860043e-08   -3.89795912710447956e+00   0.00000000000000000e+00
1.07076326005983768e-08   -8.88567020749784042e+00   0.00000000000000000e+00
1.07230392662107477e-08   -1.47965726714360262e+01   0.00000000000000000e+00
1.07384459318231203e-08   -1.78384880218682653e+01   0.00000000000000000e+00
1.07538525974354912e-08   -1.60009675963843243e+01   0.00000000000000000e+00
1.07692592630478637e-08   -1.03821515499060215e+01   0.00000000000000000e+00
1.07846659286602362e-08   -4.53586526253693734e+00   0.00000000000000000e+00
1.08000725942726071e-08   -2.22483468896455738e+00   0.00000000000000000e+00
1.08154792598849797e-08   -4.99984987059522457e+00   0.00000000000000000e+00
1.08308859254973506e-08   -1.11618135697747221e+01   0.00000000000000000e+00
1.08462925911097231e-08   -1.67997487755866430e+01   0.00000000000000000e+00
1.08616992567220940e-08   -1.82721814479929350e+01   0.00000000000000000e+00
1.08771059223344665e-08   -1.45581266338395370e+01   0.00000000000000000e+00
1.08925125879468374e-08   -7.96047829608926705e+00   0.00000000000000000e+00
1.09079192535592100e-08   -2.67989680103326755e+00   0.00000000000000000e+00
1.09233259191715809e-08   -2.14115739697748264e+00   0.00000000000000000e+00
1.09387325847839534e-08   -6.77313603721480462e+00   0.00000000000000000e+00
1.09541392503963243e-08   -1.36807664757809455e+01   0.00000000000000000e+00
1.09695459160086968e-08   -1.84530295254633003e+01   0.00000000000000000e+00
1.09849525816210677e-08   -1.79788411189152839e+01   0.00000000000000000e+00
1.10003592472334403e-08   -1.24737984967946822e+01   0.00000000000000000e+00
1.10157659128458112e-08   -5.39831496786691467e+00   0.00000000000000000e+00
1.10311725784581837e-08   -1.28371067368833280e+00   0.00000000000000000e+00
1.10465792440705563e-08   -2.83112869672931122e+00   0.00000000000000000e+00
1.10619859096829271e-08   -9.14006811719443846e+00   0.00000000000000000e+00
1.10773925752952997e-08   -1.62272007273278263e+01   0.00000000000000000e+00
1.10927992409076706e-08   -1.95402258131678259e+01   0.00000000000000000e+00
1.11082059065200431e-08   -1.68810198498644830e+01   0.00000000000000000e+00
1.11236125721324140e-08   -9.86165133945160299e+00   0.00000000000000000e+00
1.11390192377447866e-08   -2.93028168606191564e+00   0.00000000000000000e+00
1.11544259033571574e-08   -5.53414337424924074e-01   0.00000000000000000e+00
1.11698325689695300e-08   -4.33876284715786831e+00   0.00000000000000000e+00
1.11852392345819009e-08   -1.19514078732316413e+01   0.00000000000000000e+00
1.12006459001942734e-08   -1.85517392051463048e+01   0.00000000000000000e+00
1.12160525658066443e-08   -1.98711698526225931e+01   0.00000000000000000e+00
1.12314592314190169e-08   -1.49715513303143588e+01   0.00000000000000000e+00
1.12468658970313877e-08   -6.90521708976198134e+00   0.00000000000000000e+00
1.12622725626437603e-08   -8.15292928832389130e-01   0.00000000000000000e+00
1.12776792282561312e-08   -6.57383219169784816e-01   0.00000000000000000e+00
1.12930858938685037e-08   -6.63166628156470228e+00   0.00000000000000000e+00
1.13084925594808763e-08   -1.49915633436408626e+01   0.00000000000000000e+00
1.13238992250932472e-08   -2.03917459608241849e+01   0.00000000000000000e+00
1.13393058907056197e-08   -1.93049749584147392e+01   0.00000000000000000e+00
1.13547125563179906e-08   -1.23242810858662999e+01   0.00000000000000000e+00
1.13701192219303631e-08   -3.84895039828612262e+00   0.00000000000000000e+00
1.13855258875427340e-08   6.86596216845028806e-01   0.00000000000000000e+00
1.14009325531551066e-08   -1.70363198640846392e+00   0.00000000000000000e+00
1.14163392187674775e-08   -9.59357233354174355e+00   0.00000000000000000e+00
1.14317458843798500e-08   -1.79913599876828378e+01   0.00000000000000000e+00
1.14471525499922209e-08   -2.14964059194813437e+01   0.00000000000000000e+00
1.14625592156045934e-08   -1.77714097791259000e+01   0.00000000000000000e+00
1.14779658812169643e-08   -9.09785744143116659e+00   0.00000000000000000e+00
1.14933725468293369e-08   -9.81701430556148225e-01   0.00000000000000000e+00
1.15087792124417077e-08   1.34067935929867899e+00   0.00000000000000000e+00
1.15241858780540803e-08   -3.72032625628608349e+00   0.00000000000000000e+00
1.15395925436664512e-08   -1.30245642901178122e+01   0.00000000000000000e+00
1.15549992092788237e-08   -2.06481475268362615e+01   0.00000000000000000e+00
1.15704058748911963e-08   -2.16540373373130279e+01   0.00000000000000000e+00
1.15858125405035672e-08   -1.52878772811409096e+01   0.00000000000000000e+00
1.16012192061159397e-08   -5.53123696906903817e+00   0.00000000000000000e+00
1.16166258717283106e-08   1.38668991224022076e+00   0.00000000000000000e+00
1.16320325373406831e-08   9.65088817044669200e-01   0.00000000000000000e+00
1.16474392029530540e-08   -6.64191133538236311e+00   0.00000000000000000e+00
1.16628458685654266e-08   -1.66500047517918617e+01   0.00000000000000000e+00
1.16782525341777975e-08   -2.26521204768939874e+01   0.00000000000000000e+00
1.16936591997901700e-08   -2.07190678214627226e+01   0.00000000000000000e+00
1.17090658654025409e-08   -1.19696220652199337e+01   0.00000000000000000e+00
1.17244725310149134e-08   -1.93026138069063435e+00   0.00000000000000000e+00
1.17398791966272843e-08   2.95414516695749096e+00   0.00000000000000000e+00
1.17552858622396569e-08   -5.43464645667055990e-01   0.00000000000000000e+00
1.17706925278520278e-08   -1.03030656780184398e+01   0.00000000000000000e+00
1.17860991934644003e-08   -2.01383989945699113e+01   0.00000000000000000e+00
1.18015058590767712e-08   -2.37169223487601855e+01   0.00000000000000000e+00
1.18169125246891437e-08   -1.86358017174773991e+01   0.00000000000000000e+00
1.18323191903015146e-08   -8.03119536576920012e+00   0.00000000000000000e+00
1.18477258559138872e-08   1.35447457752381339e+00   0.00000000000000000e+00
1.18631325215262597e-08   3.45814269968022359e+00   0.00000000000000000e+00
1.18785391871386306e-08   -3.18862825970402763e+00   0.00000000000000000e+00
1.18939458527510031e-08   -1.44421464507812054e+01   0.00000000000000000e+00
1.19093525183633740e-08   -2.31275034741854313e+01   0.00000000000000000e+00
1.19247591839757466e-08   -2.36118982337220764e+01   0.00000000000000000e+00
1.19401658495881175e-08   -1.54560722915672049e+01   0.00000000000000000e+00
1.19555725152004900e-08   -3.77787586174819801e+00   0.00000000000000000e+00
1.19709791808128609e-08   3.95729504487949679e+00   0.00000000000000000e+00
1.19863858464252334e-08   2.70763601724084868e+00   0.00000000000000000e+00
1.20017925120376043e-08   -6.86083017979387488e+00   0.00000000000000000e+00
1.20171991776499769e-08   -1.87150071638493785e+01   0.00000000000000000e+00
1.20326058432623478e-08   -2.52570309181867998e+01   0.00000000000000000e+00
1.20480125088747203e-08   -2.21928469801046226e+01   0.00000000000000000e+00
1.20634191744870912e-08   -1.13481436929772670e+01   0.00000000000000000e+00
1.20788258400994637e-08   4.13363059698472313e-01   0.00000000000000000e+00
1.20942325057118346e-08   5.53254046482069750e+00   0.00000000000000000e+00
1.21096391713242072e-08   6.11786710477476348e-01   0.00000000000000000e+00
1.21250458369365797e-08   -1.13335694572370169e+01   0.00000000000000000e+00
1.21404525025489506e-08   -2.27190868799912167e+01   0.00000000000000000e+00
1.21558591681613231e-08   -2.62053985746298181e+01   0.00000000000000000e+00
1.21712658337736940e-08   -1.94278814147585308e+01   0.00000000000000000e+00
1.21866724993860666e-08   -6.59481379866931583e+00   0.00000000000000000e+00
1.22020791649984375e-08   4.12270103775652785e+00   0.00000000000000000e+00
1.22174858306108100e-08   5.79213769033496995e+00   0.00000000000000000e+00
1.22328924962231809e-08   -2.79787983773047166e+00   0.00000000000000000e+00
1.22482991618355534e-08   -1.62712172136052615e+01   0.00000000000000000e+00
1.22637058274479243e-08   -2.60265786003818391e+01   0.00000000000000000e+00
1.22791124930602969e-08   -2.57272199582498509e+01   0.00000000000000000e+00
1.22945191586726678e-08   -1.54150922568277515e+01   0.00000000000000000e+00
1.23099258242850403e-08   -1.57954532202112929e+00   0.00000000000000000e+00
1.23253324898974112e-08   6.92438498012345249e+00   0.00000000000000000e+00
1.23407391555097837e-08   4.54206095437514090e+00   0.00000000000000000e+00
1.23561458211221546e-08   -7.35502212041214687e+00   0.00000000000000000e+00
1.23715524867345272e-08   -2.12489717040685449e+01   0.00000000000000000e+00
1.23869591523468997e-08   -2.82243844001502282e+01   0.00000000000000000e+00
1.24023658179592706e-08   -2.36877519369516421e+01   0.00000000000000000e+00
1.24177724835716432e-08   -1.03891591298002250e+01   0.00000000000000000e+00
1.24331791491840140e-08   3.23943960772406037e+00   0.00000000000000000e+00
1.24485858147963866e-08   8.42890049507787253e+00   0.00000000000000000e+00
1.24639924804087575e-08   1.71377482301307449e+00   0.00000000000000000e+00
1.24793991460211300e-08   -1.27582309912444849e+01   0.00000000000000000e+00
1.24948058116335009e-08   -2.57844184820387383e+01   0.00000000000000000e+00
1.25102124772458735e-08   -2.89575731791681399e+01   0.00000000000000000e+00
1.25256191428582443e-08   -2.00903612500618358e+01   0.00000000000000000e+00
1.25410258084706169e-08   -4.71485581025881473e+00   0.00000000000000000e+00
1.25564324740829878e-08   7.36591725074590720e+00   0.00000000000000000e+00
1.25718391396953603e-08   8.32669840909991876e+00   0.00000000000000000e+00
1.25872458053077312e-08   -2.61320401853980400e+00   0.00000000000000000e+00
1.26026524709201038e-08   -1.85845084796410873e+01   0.00000000000000000e+00
1.26180591365324746e-08   -2.93788696556672591e+01   0.00000000000000000e+00
1.26334658021448472e-08   -2.79722919138331427e+01   0.00000000000000000e+00
1.26488724677572197e-08   -1.50933236646267641e+01   0.00000000000000000e+00
1.26642791333695906e-08   1.13348677785308105e+00   0.00000000000000000e+00
1.26796857989819632e-08   1.03108143549068263e+01   0.00000000000000000e+00
1.26950924645943341e-08   6.42916425026922322e+00   0.00000000000000000e+00
1.27104991302067066e-08   -8.20103167351377493e+00   0.00000000000000000e+00
1.27259057958190775e-08   -2.43167621557953630e+01   0.00000000000000000e+00
1.27413124614314500e-08   -3.15654187880674151e+01   0.00000000000000000e+00
1.27567191270438209e-08   -2.51536508624388979e+01   0.00000000000000000e+00
1.27721257926561935e-08   -9.01293506550409518e+00   0.00000000000000000e+00
1.27875324582685643e-08   6.60614910401801758e+00   0.00000000000000000e+00
1.28029391238809369e-08   1.16421296527626694e+01   0.00000000000000000e+00
1.28183457894933078e-08   2.70228901814796529e+00   0.00000000000000000e+00
1.28337524551056803e-08   -1.46580850969462695e+01   0.00000000000000000e+00
1.28491591207180512e-08   -2.93841792175812060e+01   0.00000000000000000e+00
1.28645657863304238e-08   -3.19595859975443375e+01   0.00000000000000000e+00
1.28799724519427946e-08   -2.05540917149762841e+01   0.00000000000000000e+00
1.28953791175551672e-08   -2.31097472351247646e+00   0.00000000000000000e+00
1.29107857831675397e-08   1.11239501105331229e+01   0.00000000000000000e+00
1.29261924487799106e-08   1.10350759920324339e+01   0.00000000000000000e+00
1.29415991143922832e-08   -2.71128131833695107e+00   0.00000000000000000e+00
1.29570057800046541e-08   -2.14596336445178828e+01   0.00000000000000000e+00
1.29724124456170266e-08   -3.32128764342491820e+01   0.00000000000000000e+00
1.29878191112293975e-08   -3.03076736115185419e+01   0.00000000000000000e+00
1.30032257768417700e-08   -1.44082045448566909e+01   0.00000000000000000e+00
1.30186324424541409e-08   4.43404987009078155e+00   0.00000000000000000e+00
1.30340391080665135e-08   1.41326235908850943e+01   0.00000000000000000e+00
1.30494457736788844e-08   8.31733864825054425e+00   0.00000000000000000e+00
1.30648524392912569e-08   -9.48544417134198881e+00   0.00000000000000000e+00
1.30802591049036278e-08   -2.79844196366123334e+01   0.00000000000000000e+00
1.30956657705160003e-08   -3.52828563977569587e+01   0.00000000000000000e+00
1.31110724361283712e-08   -2.65276208116374619e+01   0.00000000000000000e+00
1.31264791017407438e-08   -7.13088974985834412e+00   0.00000000000000000e+00
1.31418857673531147e-08   1.05708388565154046e+01   0.00000000000000000e+00
1.31572924329654872e-08   1.51610785290380381e+01   0.00000000000000000e+00
1.31726990985778597e-08   3.50425802903769856e+00   0.00000000000000000e+00
1.31881057641902306e-08   -1.71215595371846021e+01   0.00000000000000000e+00
1.32035124298026032e-08   -3.35652678027412321e+01   0.00000000000000000e+00
1.32189190954149741e-08   -3.51861923013478730e+01   0.00000000000000000e+00
1.32343257610273466e-08   -2.07373185281221595e+01   0.00000000000000000e+00
1.32497324266397175e-08   7.02879502791358135e-01   0.00000000000000000e+00
1.32651390922520900e-08   1.54316955091355421e+01   0.00000000000000000e+00
1.32805457578644609e-08   1.38780541956092023e+01   0.00000000000000000e+00
1.32959524234768335e-08   -3.18081236225202701e+00   0.00000000000000000e+00
1.33113590890892044e-08   -2.49780217191729363e+01   0.00000000000000000e+00
1.33267657547015769e-08   -3.75501847941538855e+01   0.00000000000000000e+00
1.33421724203139478e-08   -3.26806576337922294e+01   0.00000000000000000e+00
1.33575790859263203e-08   -1.32660615497347294e+01   0.00000000000000000e+00
1.33729857515386912e-08   8.39674517856389002e+00   0.00000000000000000e+00
1.33883924171510638e-08   1.83970701286585552e+01   0.00000000000000000e+00
1.34037990827634347e-08   1.01412228172016921e+01   0.00000000000000000e+00
1.34192057483758072e-08   -1.13047367505243574e+01   0.00000000000000000e+00
1.34346124139881797e-08   -3.23176045233434692e+01   0.00000000000000000e+00
1.34500190796005506e-08   -3.93689326028048896e+01   0.00000000000000000e+00
1.34654257452129232e-08   -2.77328320382094091e+01   0.00000000000000000e+00
1.34808324108252941e-08   -4.64605845871656697e+00   0.00000000000000000e+00
1.34962390764376666e-08   1.51882657703700161e+01   0.00000000000000000e+00
1.35116457420500375e-08   1.89626204073173952e+01   0.00000000000000000e+00
1.35270524076624100e-08   4.03289959828127209e+00   0.00000000000000000e+00
1.35424590732747809e-08   -2.02436965989029041e+01   0.00000000000000000e+00
1.35578657388871535e-08   -3.83697803516543132e+01   0.00000000000000000e+00
1.35732724044995244e-08   -3.85989377891068628e+01   0.00000000000000000e+00
1.35886790701118969e-08   -2.05451263923754617e+01   0.00000000000000000e+00
1.36040857357242678e-08   4.41738053258383800e+00   0.00000000000000000e+00
1.36194924013366403e-08   2.03170882936336952e+01   0.00000000000000000e+00
1.36348990669490112e-08   1.68022722750882885e+01   0.00000000000000000e+00
1.36503057325613838e-08   -4.12275791344113784e+00   0.00000000000000000e+00
1.36657123981737547e-08   -2.92235559500224262e+01   0.00000000000000000e+00
1.36811190637861272e-08   -4.24033714622738103e+01   0.00000000000000000e+00
1.36965257293984998e-08   -3.50237872792509322e+01   0.00000000000000000e+00
1.37119323950108706e-08   -1.15622006486426550e+01   0.00000000000000000e+00
1.37273390606232432e-08   1.30963301253283078e+01   0.00000000000000000e+00
1.37427457262356141e-08   2.31005200138030560e+01   0.00000000000000000e+00
1.37581523918479866e-08   1.18204568555285991e+01   0.00000000000000000e+00
1.37735590574603575e-08   -1.37648505368907994e+01   0.00000000000000000e+00
1.37889657230727301e-08   -3.73797613039496852e+01   0.00000000000000000e+00
1.38043723886851009e-08   -4.38033278165765907e+01   0.00000000000000000e+00
1.38197790542974735e-08   -2.86775794607289853e+01   0.00000000000000000e+00
1.38351857199098444e-08   -1.45385634203519132e+00   0.00000000000000000e+00
1.38505923855222169e-08   2.05085828303560973e+01   0.00000000000000000e+00
1.38659990511345878e-08   2.30096776021981029e+01   0.00000000000000000e+00
1.38814057167469604e-08   4.18705991400823407e+00   0.00000000000000000e+00
1.38968123823593312e-08   -2.41250659443214026e+01   0.00000000000000000e+00
1.39122190479717038e-08   -4.38328653068288361e+01   0.00000000000000000e+00
1.39276257135840747e-08   -4.21443322110550938e+01   0.00000000000000000e+00
1.39430323791964472e-08   -1.98691113364507181e+01   0.00000000000000000e+00
1.39584390448088198e-08   8.92643352141913482e+00   0.00000000000000000e+00
1.39738457104211907e-08   2.57988770333744384e+01   0.00000000000000000e+00
1.39892523760335632e-08   1.97385964066176847e+01   0.00000000000000000e+00
1.40046590416459341e-08   -5.65031658003021775e+00   0.00000000000000000e+00
1.40200657072583066e-08   -3.42809043302519427e+01   0.00000000000000000e+00
1.40354723728706775e-08   -4.77737533941223589e+01   0.00000000000000000e+00
1.40508790384830501e-08   -3.72534725189180165e+01   0.00000000000000000e+00
1.40662857040954210e-08   -9.18128789367706588e+00   0.00000000000000000e+00
1.40816923697077935e-08   1.86058069140811106e+01   0.00000000000000000e+00
1.40970990353201644e-08   2.82262286509574167e+01   0.00000000000000000e+00
1.41125057009325369e-08   1.32585844504530765e+01   0.00000000000000000e+00
1.41279123665449078e-08   -1.69804518429559934e+01   0.00000000000000000e+00
1.41433190321572804e-08   -4.32300077542399919e+01   0.00000000000000000e+00
1.41587256977696512e-08   -4.85510370828351441e+01   0.00000000000000000e+00
1.41741323633820238e-08   -2.92545064307923717e+01   0.00000000000000000e+00
1.41895390289943947e-08   2.55683434070148863e+00   0.00000000000000000e+00
1.42049456946067672e-08   2.65750775697395092e+01   0.00000000000000000e+00
1.42203523602191398e-08   2.72492365128187259e+01   0.00000000000000000e+00
1.42357590258315107e-08   3.85078706661844805e+00   0.00000000000000000e+00
1.42511656914438832e-08   -2.88703476968823161e+01   0.00000000000000000e+00
1.42665723570562541e-08   -4.99803649825414595e+01   0.00000000000000000e+00
1.42819790226686266e-08   -4.57520642245491871e+01   0.00000000000000000e+00
1.42973856882809975e-08   -1.85873237131759019e+01   0.00000000000000000e+00
1.43127923538933701e-08   1.43254561746550699e+01   0.00000000000000000e+00
1.43281990195057410e-08   3.18842262523117590e+01   0.00000000000000000e+00
1.43436056851181135e-08   2.26005849492401438e+01   0.00000000000000000e+00
1.43590123507304844e-08   -7.88860136094875486e+00   0.00000000000000000e+00
1.43744190163428569e-08   -4.02335346896706483e+01   0.00000000000000000e+00
1.43898256819552278e-08   -5.36490107615938712e+01   0.00000000000000000e+00
1.44052323475676004e-08   -3.92687511474091977e+01   0.00000000000000000e+00
1.44206390131799713e-08   -5.99805480588042172e+00   0.00000000000000000e+00
1.44360456787923438e-08   2.49942154042917402e+01   0.00000000000000000e+00
1.44514523444047147e-08   3.37420455893327471e+01   0.00000000000000000e+00
1.44668590100170872e-08   1.43421489896138468e+01   0.00000000000000000e+00
1.44822656756294598e-08   -2.10738530814114284e+01   0.00000000000000000e+00
1.44976723412418307e-08   -4.99207561122431187e+01   0.00000000000000000e+00
1.45130790068542032e-08   -5.35602171404263032e+01   0.00000000000000000e+00
1.45284856724665741e-08   -2.93400673089049242e+01   0.00000000000000000e+00
1.45438923380789466e-08   7.50222940103152425e+00   0.00000000000000000e+00
1.45592990036913175e-08   3.34216776988273239e+01   0.00000000000000000e+00
1.45747056693036901e-08   3.16103953279311547e+01   0.00000000000000000e+00
1.45901123349160610e-08   2.89318303527972986e+00   0.00000000000000000e+00
1.46055190005284335e-08   -3.45865693707264086e+01   0.00000000000000000e+00
1.46209256661408044e-08   -5.68262661427770155e+01   0.00000000000000000e+00
1.46363323317531769e-08   -4.93333044381215728e+01   0.00000000000000000e+00
1.46517389973655478e-08   -1.65645231905990400e+01   0.00000000000000000e+00
1.46671456629779204e-08   2.07093239524822650e+01   0.00000000000000000e+00
1.46825523285902913e-08   3.85661753540409507e+01   0.00000000000000000e+00
1.46979589942026638e-08   2.52830963783416749e+01   0.00000000000000000e+00
1.47133656598150347e-08   -1.09739779830915083e+01   0.00000000000000000e+00
1.47287723254274072e-08   -4.71614130343589011e+01   0.00000000000000000e+00
1.47441789910397798e-08   -6.00007189779625918e+01   0.00000000000000000e+00
1.47595856566521507e-08   -4.09502446186807134e+01   0.00000000000000000e+00
1.47749923222645232e-08   -1.87836011561839200e+00   0.00000000000000000e+00
1.47903989878768941e-08   3.23241368346923963e+01   0.00000000000000000e+00
1.48058056534892666e-08   3.95980841369388159e+01   0.00000000000000000e+00
1.48212123191016375e-08   1.49400325192222354e+01   0.00000000000000000e+00
1.48366189847140101e-08   -2.61735678828907581e+01   0.00000000000000000e+00
1.48520256503263810e-08   -5.74950806714492231e+01   0.00000000000000000e+00
1.48674323159387535e-08   -5.87600562019372958e+01   0.00000000000000000e+00
1.48828389815511244e-08   -2.87942758863646340e+01   0.00000000000000000e+00
1.48982456471634969e-08   1.35018417925349432e+01   0.00000000000000000e+00
1.49136523127758678e-08   4.10702459504892659e+01   0.00000000000000000e+00
1.49290589783882387e-08   3.60024929895004959e+01   0.00000000000000000e+00
1.49444656440006129e-08   1.16857815108060947e+00   0.00000000000000000e+00
1.49598723096129838e-08   -4.13809857037949058e+01   0.00000000000000000e+00
1.49752789752253547e-08   -6.43699888814736312e+01   0.00000000000000000e+00
1.49906856408377289e-08   -5.27791474371887759e+01   0.00000000000000000e+00
1.50060923064500998e-08   -1.36527854134650255e+01   0.00000000000000000e+00
1.50214989720624707e-08   2.81699764835776065e+01   0.00000000000000000e+00
1.50369056376748416e-08   4.58209901004163953e+01   0.00000000000000000e+00
1.50523123032872158e-08   2.76610916124465547e+01   0.00000000000000000e+00
1.50677189688995867e-08   -1.50530307113222790e+01   0.00000000000000000e+00
1.50831256345119575e-08   -5.51383904185767690e+01   0.00000000000000000e+00
1.50985323001243284e-08   -6.67818314175562051e+01   0.00000000000000000e+00
1.51139389657367026e-08   -4.21593599140006887e+01   0.00000000000000000e+00
1.51293456313490735e-08   3.31936415545813190e+00   0.00000000000000000e+00
1.51447522969614444e-08   4.06489219122432317e+01   0.00000000000000000e+00
1.51601589625738153e-08   4.57244022989463517e+01   0.00000000000000000e+00
1.51755656281861895e-08   1.49030872056872390e+01   0.00000000000000000e+00
1.51909722937985604e-08   -3.24124795890577531e+01   0.00000000000000000e+00
1.52063789594109313e-08   -6.59838533457123901e+01   0.00000000000000000e+00
1.52217856250233022e-08   -6.40587166808884945e+01   0.00000000000000000e+00
1.52371922906356764e-08   -2.74607863229388514e+01   0.00000000000000000e+00
1.52525989562480473e-08   2.06763015611358441e+01   0.00000000000000000e+00
1.52680056218604181e-08   4.95276933266460730e+01   0.00000000000000000e+00
1.52834122874727923e-08   4.03133721750642877e+01   0.00000000000000000e+00
1.52988189530851632e-08   -1.48292952335455652e+00   0.00000000000000000e+00
1.53142256186975341e-08   -4.93585966725319025e+01   0.00000000000000000e+00
1.53296322843099050e-08   -7.25935500130863431e+01   0.00000000000000000e+00
1.53450389499222792e-08   -5.59592467782437808e+01   0.00000000000000000e+00
1.53604456155346501e-08   -9.69249738816581896e+00   0.00000000000000000e+00
1.53758522811470210e-08   3.67936890228022335e+01   0.00000000000000000e+00
1.53912589467593919e-08   5.36054490789404099e+01   0.00000000000000000e+00
1.54066656123717661e-08   2.95886845937930651e+01   0.00000000000000000e+00
1.54220722779841370e-08   -2.02811250044957099e+01   0.00000000000000000e+00
1.54374789435965078e-08   -6.42292907966669162e+01   0.00000000000000000e+00
1.54528856092088787e-08   -7.39241605230658223e+01   0.00000000000000000e+00
1.54682922748212529e-08   -4.27377898028686616e+01   0.00000000000000000e+00
1.54836989404336238e-08   9.74225896425866722e+00   0.00000000000000000e+00
1.54991056060459947e-08   5.00096641630537846e+01   0.00000000000000000e+00
1.55145122716583689e-08   5.20287468707558673e+01   0.00000000000000000e+00
1.55299189372707398e-08   1.40641088027492955e+01   0.00000000000000000e+00
1.55453256028831107e-08   -3.99256078576773419e+01   0.00000000000000000e+00
1.55607322684954816e-08   -7.54026761695191254e+01   0.00000000000000000e+00
1.55761389341078558e-08   -6.93414055906990257e+01   0.00000000000000000e+00
1.55915455997202267e-08   -2.51673519339141976e+01   0.00000000000000000e+00
1.56069522653325976e-08   2.91447899854759171e+01   0.00000000000000000e+00
1.56223589309449684e-08   5.87829471832054367e+01   0.00000000000000000e+00
1.56377655965573426e-08   4.44078325746486513e+01   0.00000000000000000e+00
1.56531722621697135e-08   -5.23452995905635987e+00   0.00000000000000000e+00
1.56685789277820844e-08   -5.86193058950140085e+01   0.00000000000000000e+00
1.56839855933944553e-08   -8.14586440908847891e+01   0.00000000000000000e+00
1.56993922590068295e-08   -5.87206993771012051e+01   0.00000000000000000e+00
1.57147989246192004e-08   -4.51377502466113611e+00   0.00000000000000000e+00
1.57302055902315713e-08   4.66580201570516095e+01   0.00000000000000000e+00
1.57456122558439422e-08   6.18541139788599921e+01   0.00000000000000000e+00
1.57610189214563164e-08   3.08984962672057151e+01   0.00000000000000000e+00
1.57764255870686873e-08   -2.68205410534164130e+01   0.00000000000000000e+00
1.57918322526810582e-08   -7.44867199306224705e+01   0.00000000000000000e+00
1.58072389182934324e-08   -8.13359106837298071e+01   0.00000000000000000e+00
1.58226455839058032e-08   -4.25073639373991199e+01   0.00000000000000000e+00
1.58380522495181741e-08   1.75407591642355882e+01   0.00000000000000000e+00
1.58534589151305450e-08   6.04319471391881819e+01   0.00000000000000000e+00
1.58688655807429192e-08   5.83944173575220873e+01   0.00000000000000000e+00
1.58842722463552901e-08   1.22382004818764045e+01   0.00000000000000000e+00
1.58996789119676610e-08   -4.88474645311916689e+01   0.00000000000000000e+00
1.59150855775800319e-08   -8.57486472700619942e+01   0.00000000000000000e+00
1.59304922431924061e-08   -7.44686311954482107e+01   0.00000000000000000e+00
1.59458989088047770e-08   -2.17267048027164549e+01   0.00000000000000000e+00
1.59613055744171479e-08   3.90220882942328586e+01   0.00000000000000000e+00
1.59767122400295188e-08   6.88038178451024010e+01   0.00000000000000000e+00
1.59921189056418929e-08   4.81263334981405322e+01   0.00000000000000000e+00
1.60075255712542638e-08   -1.02713156605612639e+01   0.00000000000000000e+00
1.60229322368666347e-08   -6.92547291970100645e+01   0.00000000000000000e+00
1.60383389024790056e-08   -9.09036919174628792e+01   0.00000000000000000e+00
1.60537455680913798e-08   -6.08872372940932536e+01   0.00000000000000000e+00
1.60691522337037507e-08   2.06166835873411003e+00   0.00000000000000000e+00
1.60845588993161216e-08   5.78284548381002281e+01   0.00000000000000000e+00
1.60999655649284958e-08   7.04766385574416319e+01   0.00000000000000000e+00
1.61153722305408667e-08   3.14013674389812536e+01   0.00000000000000000e+00
1.61307788961532376e-08   -3.48381578621929151e+01   0.00000000000000000e+00
1.61461855617656085e-08   -8.59476234158181569e+01   0.00000000000000000e+00
1.61615922273779827e-08   -8.88993214800227776e+01   0.00000000000000000e+00
1.61769988929903535e-08   -4.12703022909950974e+01   0.00000000000000000e+00
1.61924055586027244e-08   2.68658778635028241e+01   0.00000000000000000e+00
1.62078122242150953e-08   7.19224019735968056e+01   0.00000000000000000e+00
1.62232188898274695e-08   6.46783106106797305e+01   0.00000000000000000e+00
1.62386255554398404e-08   9.22357319202291848e+00   0.00000000000000000e+00
1.62540322210522113e-08   -5.93089971344600926e+01   0.00000000000000000e+00
1.62694388866645822e-08   -9.69970044561203366e+01   0.00000000000000000e+00
1.62848455522769564e-08   -7.92747075962712415e+01   0.00000000000000000e+00
1.63002522178893273e-08   -1.69378957786101907e+01   0.00000000000000000e+00
1.63156588835016982e-08   5.04152491078434295e+01   0.00000000000000000e+00
1.63310655491140724e-08   7.95338145651143549e+01   0.00000000000000000e+00
1.63464722147264433e-08   5.12840067429309840e+01   0.00000000000000000e+00
1.63618788803388141e-08   -1.67884230635520026e+01   0.00000000000000000e+00
1.63772855459511850e-08   -8.13446712342032328e+01   0.00000000000000000e+00
1.63926922115635592e-08   -1.00840912860085538e+02   0.00000000000000000e+00
1.64080988771759301e-08   -6.22587855374401826e+01   0.00000000000000000e+00
1.64235055427883010e-08   1.02181793929912246e+01   0.00000000000000000e+00
1.64389122084006719e-08   7.03547700980906257e+01   0.00000000000000000e+00
1.64543188740130461e-08   7.93551767792036316e+01   0.00000000000000000e+00
1.64697255396254170e-08   3.08864853058550750e+01   0.00000000000000000e+00
1.64851322052377879e-08   -4.45026740967175982e+01   0.00000000000000000e+00
1.65005388708501588e-08   -9.86296301153449946e+01   0.00000000000000000e+00
1.65159455364625330e-08   -9.64684844908960031e+01   0.00000000000000000e+00
1.65313522020749039e-08   -3.88099204487458707e+01   0.00000000000000000e+00
1.65467588676872747e-08   3.78660503562442301e+01   0.00000000000000000e+00
1.65621655332996456e-08   8.44651197458067031e+01   0.00000000000000000e+00
1.65775721989120198e-08   7.07092105405692450e+01   0.00000000000000000e+00
1.65929788645243907e-08   4.80282543109709081e+00   0.00000000000000000e+00
1.66083855301367616e-08   -7.14341263132628228e+01   0.00000000000000000e+00
1.66237921957491358e-08   -1.09097698076400377e+02   0.00000000000000000e+00
1.66391988613615067e-08   -8.35665711696840532e+01   0.00000000000000000e+00
1.66546055269738776e-08   -1.05881299190815668e+01   0.00000000000000000e+00
1.66700121925862485e-08   6.34199071109267578e+01   0.00000000000000000e+00
1.66854188581986227e-08   9.08889684886035383e+01   0.00000000000000000e+00
1.67008255238109936e-08   5.36700415735391942e+01   0.00000000000000000e+00
1.67162321894233644e-08   -2.49886746135838678e+01   0.00000000000000000e+00
1.67316388550357353e-08   -9.49532966304512343e+01   0.00000000000000000e+00
1.67470455206481095e-08   -1.11153483290237062e+02   0.00000000000000000e+00
1.67624521862604804e-08   -6.26114440749609358e+01   0.00000000000000000e+00
1.67778588518728513e-08   2.01433313185740914e+01   0.00000000000000000e+00
1.67932655174852222e-08   8.42671593645017367e+01   0.00000000000000000e+00
1.68086721830975964e-08   8.83419556119900449e+01   0.00000000000000000e+00
1.68240788487099673e-08   2.91219766513153715e+01   0.00000000000000000e+00
1.68394855143223382e-08   -5.59813593810055252e+01   0.00000000000000000e+00
1.68548921799347124e-08   -1.12527225632969632e+02   0.00000000000000000e+00
1.68702988455470833e-08   -1.03867400714290156e+02   0.00000000000000000e+00
1.68857055111594542e-08   -3.48918331279339640e+01   0.00000000000000000e+00
1.69011121767718250e-08   5.06835418837915199e+01   0.00000000000000000e+00
1.69165188423841992e-08   9.80179710253827920e+01   0.00000000000000000e+00
1.69319255079965701e-08   7.62863898586726634e+01   0.00000000000000000e+00
1.69473321736089410e-08   -1.25525909423920723e+00   0.00000000000000000e+00
1.69627388392213119e-08   -8.53358921194078590e+01   0.00000000000000000e+00
1.69781455048336861e-08   -1.21971952063562981e+02   0.00000000000000000e+00
1.69935521704460570e-08   -8.71229740246454867e+01   0.00000000000000000e+00
1.70089588360584279e-08   -2.45512684671690806e+00   0.00000000000000000e+00
1.70243655016707988e-08   7.81162543171349313e+01   0.00000000000000000e+00
1.70397721672831730e-08   1.02754726716774059e+02   0.00000000000000000e+00
1.70551788328955439e-08   5.50475035205919028e+01   0.00000000000000000e+00
1.70705854985079148e-08   -3.50797019593282755e+01   0.00000000000000000e+00
1.70859921641202856e-08   -1.10125030989251741e+02   0.00000000000000000e+00
1.71013988297326598e-08   -1.21692848889983139e+02   0.00000000000000000e+00
1.71168054953450307e-08   -6.16979506885634237e+01   0.00000000000000000e+00
1.71322121609574016e-08   3.20245909466714238e+01   0.00000000000000000e+00
1.71476188265697758e-08   9.95721600071133395e+01   0.00000000000000000e+00
1.71630254921821467e-08   9.72570822286771204e+01   0.00000000000000000e+00
1.71784321577945176e-08   2.58560177581451001e+01   0.00000000000000000e+00
1.71938388234068885e-08   -6.94363380114941720e+01   0.00000000000000000e+00
1.72092454890192627e-08   -1.27607808766752598e+02   0.00000000000000000e+00
1.72246521546316336e-08   -1.10888348634048683e+02   0.00000000000000000e+00
1.72400588202440045e-08   -2.92656980200102907e+01   0.00000000000000000e+00
1.72554654858563754e-08   6.54504323041216196e+01   0.00000000000000000e+00
1.72708721514687496e-08   1.12508892653456726e+02   0.00000000000000000e+00
1.72862788170811204e-08   8.11785924092098838e+01   0.00000000000000000e+00
1.73016854826934913e-08   -9.19336298101680427e+00   0.00000000000000000e+00
1.73170921483058622e-08   -1.01112233189370187e+02   0.00000000000000000e+00
1.73324988139182364e-08   -1.35508878952147114e+02   0.00000000000000000e+00
1.73479054795306073e-08   -8.96941198148430772e+01   0.00000000000000000e+00
1.73633121451429782e-08   7.68997117581147904e+00   0.00000000000000000e+00
1.73787188107553524e-08   9.45647145226046320e+01   0.00000000000000000e+00
1.73941254763677233e-08   1.14982987426902213e+02   0.00000000000000000e+00
1.74095321419800942e-08   5.51536474145457447e+01   0.00000000000000000e+00
1.74249388075924651e-08   -4.72705383376349033e+01   0.00000000000000000e+00
1.74403454732048393e-08   -1.26880236232436630e+02   0.00000000000000000e+00
1.74557521388172101e-08   -1.32276263265387144e+02   0.00000000000000000e+00
1.74711588044295810e-08   -5.92486785636252193e+01   0.00000000000000000e+00
1.74865654700419519e-08   4.60454853633550698e+01   0.00000000000000000e+00
1.75019721356543261e-08   1.16248437477972743e+02   0.00000000000000000e+00
1.75173788012666970e-08   1.05886658757656747e+02   0.00000000000000000e+00
1.75327854668790679e-08   2.08185069414038963e+01   0.00000000000000000e+00
1.75481921324914388e-08   -8.50204161016478253e+01   0.00000000000000000e+00
1.75635987981038130e-08   -1.43807692020698255e+02   0.00000000000000000e+00
1.75790054637161839e-08   -1.17290634953301776e+02   0.00000000000000000e+00
1.75944121293285548e-08   -2.16675365823763428e+01   0.00000000000000000e+00
1.76098187949409257e-08   8.22842001708850432e+01   0.00000000000000000e+00
1.76252254605532999e-08   1.27832209151777491e+02   0.00000000000000000e+00
1.76406321261656707e-08   8.51234651591898057e+01   0.00000000000000000e+00
1.76560387917780416e-08   -1.92627095382608928e+01   0.00000000000000000e+00
1.76714454573904158e-08   -1.18841432434560161e+02   0.00000000000000000e+00
1.76868521230027867e-08   -1.49562220985845613e+02   0.00000000000000000e+00
1.77022587886151576e-08   -9.10018062404420363e+01   0.00000000000000000e+00
1.77176654542275285e-08   2.00791283618992793e+01   0.00000000000000000e+00
1.77330721198399027e-08   1.12801361025863500e+02   0.00000000000000000e+00
1.77484787854522736e-08   1.27389351160058752e+02   0.00000000000000000e+00
1.77638854510646445e-08   5.37007825592232706e+01   0.00000000000000000e+00
1.77792921166770154e-08   -6.17676768117458437e+01   0.00000000000000000e+00
1.77946987822893896e-08   -1.45210713872954045e+02   0.00000000000000000e+00
1.78101054479017605e-08   -1.42684629137930415e+02   0.00000000000000000e+00
1.78255121135141313e-08   -5.49732185284412509e+01   0.00000000000000000e+00
1.78409187791265022e-08   6.23812770707485527e+01   0.00000000000000000e+00
1.78563254447388764e-08   1.34242487994923295e+02   0.00000000000000000e+00
1.78717321103512473e-08   1.13981280119568851e+02   0.00000000000000000e+00
1.78871387759636182e-08   1.37233402413483390e+01   0.00000000000000000e+00
1.79025454415759924e-08   -1.02872472866932071e+02   0.00000000000000000e+00
1.79179521071883633e-08   -1.61028115054512455e+02   0.00000000000000000e+00
1.79333587728007342e-08   -1.22799800891736339e+02   0.00000000000000000e+00
1.79487654384131051e-08   -1.18226617705624761e+01   0.00000000000000000e+00
1.79641721040254793e-08   1.01282938629447770e+02   0.00000000000000000e+00
1.79795787696378502e-08   1.43845062957643563e+02   0.00000000000000000e+00
1.79949854352502211e-08   8.78275082326978094e+01   0.00000000000000000e+00
1.80103921008625919e-08   -3.17195415772649767e+01   0.00000000000000000e+00
1.80257987664749661e-08   -1.38577272730899494e+02   0.00000000000000000e+00
1.80412054320873370e-08   -1.63947295059762439e+02   0.00000000000000000e+00
1.80566120976997079e-08   -9.07401363243971986e+01   0.00000000000000000e+00
1.80720187633120788e-08   3.49433753262735536e+01   0.00000000000000000e+00
1.80874254289244530e-08   1.32833131276893539e+02   0.00000000000000000e+00
1.81028320945368239e-08   1.39750667680320106e+02   0.00000000000000000e+00
1.81182387601491948e-08   5.03777441692913897e+01   0.00000000000000000e+00
1.81336454257615657e-08   -7.87706004741629897e+01   0.00000000000000000e+00
1.81490520913739399e-08   -1.65075098884432521e+02   0.00000000000000000e+00
1.81644587569863108e-08   -1.52660721215004571e+02   0.00000000000000000e+00
1.81798654225986816e-08   -4.85625906190664836e+01   0.00000000000000000e+00
1.81952720882110558e-08   8.11941662246894538e+01   0.00000000000000000e+00
1.82106787538234267e-08   1.53464330011649452e+02   0.00000000000000000e+00
1.82260854194357976e-08   1.21254991762759943e+02   0.00000000000000000e+00
1.82414920850481685e-08   4.27132422751117247e+00   0.00000000000000000e+00
1.82568987506605427e-08   -1.23112446998577411e+02   0.00000000000000000e+00
1.82723054162729136e-08   -1.79131347261940277e+02   0.00000000000000000e+00
1.82877120818852845e-08   -1.27107356610002824e+02   0.00000000000000000e+00
1.83031187474976554e-08   5.50765089506512595e-01   0.00000000000000000e+00
1.83185254131100296e-08   1.22520245796242719e+02   0.00000000000000000e+00
1.83339320787224005e-08   1.60364033814465643e+02   0.00000000000000000e+00
1.83493387443347714e-08   8.89666094173536095e+01   0.00000000000000000e+00
1.83647454099471422e-08   -4.68209948855309648e+01   0.00000000000000000e+00
1.83801520755595164e-08   -1.60343956118154495e+02   0.00000000000000000e+00
1.83955587411718873e-08   -1.78438224025455440e+02   0.00000000000000000e+00
1.84109654067842582e-08   -8.85768569928449239e+01   0.00000000000000000e+00
1.84263720723966324e-08   5.25082030715208674e+01   0.00000000000000000e+00
1.84417787380090033e-08   1.54632901650619942e+02   0.00000000000000000e+00
1.84571854036213742e-08   1.51802961103606492e+02   0.00000000000000000e+00
1.84725920692337451e-08   4.48520201087648474e+01   0.00000000000000000e+00
1.84879987348461193e-08   -9.84668009490594471e+01   0.00000000000000000e+00
1.85034054004584902e-08   -1.86394215627153415e+02   0.00000000000000000e+00
1.85188120660708611e-08   -1.61907871543123804e+02   0.00000000000000000e+00
1.85342187316832320e-08   -3.96921231318737284e+01   0.00000000000000000e+00
1.85496253972956062e-08   1.02628049193624634e+02   0.00000000000000000e+00
1.85650320629079770e-08   1.73783262548036475e+02   0.00000000000000000e+00
1.85804387285203479e-08   1.27384784155795330e+02   0.00000000000000000e+00
1.85958453941327188e-08   -7.84624793117373542e+00   0.00000000000000000e+00
1.86112520597450930e-08   -1.45835959722325981e+02   0.00000000000000000e+00
1.86266587253574639e-08   -1.97936962323390247e+02   0.00000000000000000e+00
1.86420653909698348e-08   -1.29871114688972199e+02   0.00000000000000000e+00
1.86574720565822057e-08   1.57375349924115540e+01   0.00000000000000000e+00
1.86728787221945799e-08   1.46039842752989870e+02   0.00000000000000000e+00
1.86882853878069508e-08   1.77162032944289535e+02   0.00000000000000000e+00
1.87036920534193217e-08   8.81872262710044055e+01   0.00000000000000000e+00
1.87190987190316959e-08   -6.48203664887505369e+01   0.00000000000000000e+00
1.87345053846440667e-08   -1.84130850038044144e+02   0.00000000000000000e+00
1.87499120502564376e-08   -1.92765540672861391e+02   0.00000000000000000e+00
1.87653187158688085e-08   -8.41553785838051738e+01   0.00000000000000000e+00
1.87807253814811827e-08   7.29884047581880679e+01   0.00000000000000000e+00
1.87961320470935536e-08   1.78134494855273147e+02   0.00000000000000000e+00
1.88115387127059245e-08   1.63239818154331715e+02   0.00000000000000000e+00
1.88269453783182954e-08   3.67725755568246058e+01   0.00000000000000000e+00
1.88423520439306696e-08   -1.21026312414545899e+02   0.00000000000000000e+00
1.88577587095430405e-08   -2.09046475659184665e+02   0.00000000000000000e+00
1.88731653751554114e-08   -1.70089198604424098e+02   0.00000000000000000e+00
1.88885720407677823e-08   -2.80250295488044969e+01   0.00000000000000000e+00
1.89039787063801565e-08   1.26802873698084966e+02   0.00000000000000000e+00
1.89193853719925273e-08   1.95023775655362840e+02   0.00000000000000000e+00
1.89347920376048982e-08   1.32010699613789939e+02   0.00000000000000000e+00
1.89501987032172724e-08   -2.29433399441701340e+01   0.00000000000000000e+00
1.89656053688296433e-08   -1.71108627048689925e+02   0.00000000000000000e+00
1.89810120344420142e-08   -2.17218373414672897e+02   0.00000000000000000e+00
1.89964187000543851e-08   -1.30716190579137844e+02   0.00000000000000000e+00
1.90118253656667593e-08   3.40205461637154656e+01   0.00000000000000000e+00
1.90272320312791302e-08   1.71849982799313011e+02   0.00000000000000000e+00
1.90426386968915011e-08   1.93965561935356106e+02   0.00000000000000000e+00
1.90580453625038720e-08   8.51082742644057078e+01   0.00000000000000000e+00
1.90734520281162462e-08   -8.59617885080441226e+01   0.00000000000000000e+00
1.90888586937286171e-08   -2.09887133985873362e+02   0.00000000000000000e+00
1.91042653593409879e-08   -2.06614253351743344e+02   0.00000000000000000e+00
1.91196720249533588e-08   -7.70975226298061216e+01   0.00000000000000000e+00
1.91350786905657330e-08   9.65823901767838038e+01   0.00000000000000000e+00
1.91504853561781039e-08   2.03227701410687644e+02   0.00000000000000000e+00
1.91658920217904748e-08   1.73711325309172651e+02   0.00000000000000000e+00
1.91812986874028457e-08   2.57734104967287010e+01   0.00000000000000000e+00
1.91967053530152199e-08   -1.46595799782020066e+02   0.00000000000000000e+00
1.92121120186275908e-08   -2.32863405029545277e+02   0.00000000000000000e+00
1.92275186842399617e-08   -1.76827460523840756e+02   0.00000000000000000e+00
1.92429253498523359e-08   -1.32167047103032473e+01   0.00000000000000000e+00
1.92583320154647068e-08   1.53808642146417185e+02   0.00000000000000000e+00
1.92737386810770777e-08   2.16961704692699811e+02   0.00000000000000000e+00
1.92891453466894485e-08   1.34736624345049847e+02   0.00000000000000000e+00
1.93045520123018227e-08   -4.13342283218365765e+01   0.00000000000000000e+00
1.93199586779141936e-08   -1.98960124733173046e+02   0.00000000000000000e+00
1.93353653435265645e-08   -2.36699722610684717e+02   0.00000000000000000e+00
1.93507720091389354e-08   -1.29236733490002337e+02   0.00000000000000000e+00
1.93661786747513096e-08   5.56753207658550764e+01   0.00000000000000000e+00
1.93815853403636805e-08   1.99917725995674232e+02   0.00000000000000000e+00
1.93969920059760514e-08   2.10452429447357133e+02   0.00000000000000000e+00
1.94123986715884223e-08   7.93237732812019942e+01   0.00000000000000000e+00
1.94278053372007965e-08   -1.10474329915468559e+02   0.00000000000000000e+00
1.94432120028131674e-08   -2.37516429447877385e+02   0.00000000000000000e+00
1.94586186684255382e-08   -2.19622463574950416e+02   0.00000000000000000e+00
1.94740253340379124e-08   -6.70070376055513179e+01   0.00000000000000000e+00
1.94894319996502833e-08   1.23466009633977080e+02   0.00000000000000000e+00
1.95048386652626542e-08   2.29753404989159264e+02   0.00000000000000000e+00
1.95202453308750251e-08   1.82823640117630418e+02   0.00000000000000000e+00
1.95356519964873993e-08   1.14778758981062765e+01   0.00000000000000000e+00
1.95510586620997702e-08   -1.75292251472530353e+02   0.00000000000000000e+00
1.95664653277121411e-08   -2.57625395643994977e+02   0.00000000000000000e+00
1.95818719933245120e-08   -1.81705610421312997e+02   0.00000000000000000e+00
1.95972786589368862e-08   5.08024858003858526e+00   0.00000000000000000e+00
1.96126853245492571e-08   1.83699126300243080e+02   0.00000000000000000e+00
1.96280919901616280e-08   2.39320725527689063e+02   0.00000000000000000e+00
1.96434986557739988e-08   1.35131834440121168e+02   0.00000000000000000e+00
1.96589053213863730e-08   -6.33278747585037820e+01   0.00000000000000000e+00
1.96743119869987439e-08   -2.29378080407214810e+02   0.00000000000000000e+00
1.96897186526111148e-08   -2.56053221745741951e+02   0.00000000000000000e+00
1.97051253182234857e-08   -1.24998445271620994e+02   0.00000000000000000e+00
1.97205319838358599e-08   8.09639027588306419e+01   0.00000000000000000e+00
1.97359386494482308e-08   2.30163163115109768e+02   0.00000000000000000e+00
1.97513453150606017e-08   2.26250020729490529e+02   0.00000000000000000e+00
1.97667519806729759e-08   7.04062972483593228e+01   0.00000000000000000e+00
1.97821586462853468e-08   -1.38565560654919778e+02   0.00000000000000000e+00
1.97975653118977177e-08   -2.66871504964481574e+02   0.00000000000000000e+00
1.98129719775100886e-08   -2.31380625935250180e+02   0.00000000000000000e+00
1.98283786431224628e-08   -5.34739133181424791e+01   0.00000000000000000e+00
1.98437853087348336e-08   1.53785936212750272e+02   0.00000000000000000e+00
1.98591919743472045e-08   2.57498909022372516e+02   0.00000000000000000e+00
1.98745986399595754e-08   1.90139280049344791e+02   0.00000000000000000e+00
1.98900053055719496e-08   -6.49623581237770509e+00   0.00000000000000000e+00
1.99054119711843205e-08   -2.07196339257523135e+02   0.00000000000000000e+00
1.99208186367966914e-08   -2.83057781339714495e+02   0.00000000000000000e+00
1.99362253024090623e-08   -1.84268128095903762e+02   0.00000000000000000e+00
1.99516319680214365e-08   2.72102626341683163e+01   0.00000000000000000e+00
1.99670386336338074e-08   2.16485367908490758e+02   0.00000000000000000e+00
1.99824452992461783e-08   2.61769292083329105e+02   0.00000000000000000e+00
1.99978519648585525e-08   1.32733358839316452e+02   0.00000000000000000e+00
